L0: 0.07
tauf: 1800.0
k: 0.6
rho: 1000.0
c: 4186.0
h: 10.0
Troom: 21.5
Tmax: 32.0
Ty10: 21.5
Ty20: 30.2
Ty30: 21.5
Tgt20: 31.5
beta: 0.9
pwr_fact: 0.0
PD: 0.025
b1: -1.27778
b2: -0.51746
b3: 0.96667
b4: 0.82857
W_sys: 0.0005
