pdecoeff:
  a1: 21.3660417
  a2: 31500.0
  a3: 0.0
  a4: 3.5702945
  a5: 1.25
  b1: -0.79437
  b2: -1.06991
  b3: 1.03571
  b4: 0.82857
  c1: null
  c2: null
  c3: null
  oig: 2.46
  y10: 0.0
  y20: 0.82857
  y30: 0.0
  thetagt0: 0.95238
  thetagt10: 0.95238
  incrfact: 1.0
  wb: None
parameters:
  ag: 1
  ups: 100.0
  wbmin: 6.3e-05
  wbmax: 0.00165
  wb0: 6.3e-05
  wb1: 0.0001
  wb2: 0.00016
  wb3: 0.000255
  wb4: 0.000407
  wb5: 0.000649
  wb6: 0.001035
  wb7: 0.00165
  wbsys: 0.003428
  wbobs: 0.000255
  obsindex: 3
  nobs: 0
  xgt: 0.01
  xw: 0.025
  xgt1: 0.04
  Xgt: 0.14286
  Xw: 0.35714
  Xgt1: 0.57143
  drdiff: 0.2455415
  drexact: 5.1690435
  c0: 90.7409446
gt_path: /Users/guglielmocappellini/Desktop/research/code/pinns-bioheat-experiments/gt/gt_2de4ce67cc236c8dc88a81bc48d2b2e4
