pdecoeff:
  a1: 18.992037
  a2: 34185.6666667
  a3: 0.0
  a4: 3.5702945
  a5: 1.1666667
  b1: -1.27769
  b2: -0.51754
  b3: 0.96667
  b4: 0.82857
  c1: -1.79524
  c2: 0.96667
  c3: 0.82857
  oig: 2.46
  y10: 0.0
  y20: 0.82857
  y30: 0.0
  thetagt0: 0.95238
  thetagt10: 0.95238
  incrfact: 1.0
  wb: 0.000255
parameters:
  ag: 1
  ups: 100.0
  wbmin: 6.3e-05
  wbmax: 0.00165
  wb0: 6.3e-05
  wb1: 0.0001
  wb2: 0.00016
  wb3: 0.000255
  wb4: 0.000407
  wb5: 0.000649
  wb6: 0.001035
  wb7: 0.00165
  wbt: true
  wbsys: 0.0005
  wbobs: 0.000255
  obsindex: 3
  nobs: 8
  xgt: 0.01
  xw: 0.025
  xgt1: 0.04
  Xgt: 0.14286
  Xw: 0.35714
  Xgt1: 0.57143
gt_path: /Users/guglielmocappellini/Desktop/research/code/pinns-bioheat-experiments/gt/gt_35724cbbff508351eb67f924d06528ff
