  0.00   0.12500000   0.12500000   0.12500000   0.12500000   0.12500000   0.12500000   0.12500000   0.12500000
  0.01   0.12500135   0.12500158   0.12500189   0.12500225   0.12500250   0.12500203   0.12499913   0.12498927
  0.02   0.12500934   0.12501110   0.12501354   0.12501638   0.12501835   0.12501498   0.12499360   0.12492271
  0.03   0.12502807   0.12503418   0.12504271   0.12505275   0.12505993   0.12504908   0.12497845   0.12475483
  0.04   0.12505694   0.12507127   0.12509138   0.12511521   0.12513273   0.12510891   0.12495045   0.12447312
  0.05   0.12509422   0.12512221   0.12516168   0.12520885   0.12524446   0.12520093   0.12490472   0.12406292
  0.06   0.12513331   0.12518237   0.12525202   0.12533620   0.12540173   0.12533087   0.12483577   0.12352774
  0.07   0.12517068   0.12524908   0.12536108   0.12549784   0.12560705   0.12550103   0.12474139   0.12287184
  0.08   0.12519495   0.12531228   0.12548126   0.12569015   0.12586172   0.12571362   0.12461996   0.12212606
  0.09   0.12520451   0.12537052   0.12561142   0.12591273   0.12616641   0.12596963   0.12447175   0.12129304
  0.10   0.12518832   0.12541402   0.12574431   0.12616279   0.12652420   0.12627348   0.12429617   0.12039672
  0.11   0.12514037   0.12543697   0.12587507   0.12643798   0.12693701   0.12662879   0.12409495   0.11944885
  0.12   0.12505522   0.12543411   0.12599928   0.12673611   0.12740662   0.12703905   0.12386952   0.11846009
  0.13   0.12491611   0.12538793   0.12610068   0.12704807   0.12793959   0.12751918   0.12362810   0.11746035
  0.14   0.12473278   0.12530849   0.12618850   0.12737893   0.12853219   0.12806087   0.12336627   0.11643197
  0.15   0.12450190   0.12519171   0.12625823   0.12772549   0.12918601   0.12866919   0.12308683   0.11538064
  0.16   0.12420827   0.12501898   0.12628935   0.12807311   0.12990821   0.12936719   0.12280260   0.11433229
  0.17   0.12386030   0.12480061   0.12629322   0.12842990   0.13069482   0.13014211   0.12250649   0.11327255
  0.18   0.12345561   0.12453208   0.12626298   0.12878896   0.13154678   0.13100339   0.12220341   0.11220680
  0.19   0.12298817   0.12420194   0.12618119   0.12913280   0.13246641   0.13197501   0.12190580   0.11114868
  0.20   0.12246161   0.12381711   0.12605837   0.12947198   0.13345232   0.13304250   0.12160616   0.11008995
  0.21   0.12187732   0.12337531   0.12588689   0.12979469   0.13450122   0.13421923   0.12131091   0.10903442
  0.22   0.12123735   0.12287319   0.12565542   0.13008345   0.13560829   0.13552499   0.12102961   0.10798771
  0.23   0.12054030   0.12231302   0.12537165   0.13035012   0.13677680   0.13694633   0.12075577   0.10694600
  0.24   0.11979329   0.12169934   0.12503436   0.13058367   0.13799405   0.13849170   0.12049382   0.10590977
  0.25   0.11900365   0.12103538   0.12463883   0.13076817   0.13924653   0.14017527   0.12025093   0.10488124
  0.26   0.11816879   0.12031827   0.12418268   0.13090398   0.14053856   0.14199845   0.12002761   0.10386165
  0.27   0.11729088   0.11954855   0.12366351   0.13098505   0.14186605   0.14396704   0.11982676   0.10285217
  0.28   0.11637267   0.11872751   0.12307981   0.13100566   0.14322341   0.14608607   0.11965114   0.10185373
  0.29   0.11543119   0.11787613   0.12245259   0.13096766   0.14456842   0.14834148   0.11950071   0.10086182
  0.30   0.11446269   0.11698678   0.12177011   0.13086186   0.14591218   0.15074698   0.11937954   0.09987986
  0.31   0.11347106   0.11606236   0.12103268   0.13068318   0.14724614   0.15330608   0.11929015   0.09890836
  0.32   0.11246020   0.11510576   0.12024062   0.13042647   0.14856177   0.15602225   0.11923511   0.09794783
  0.33   0.11143528   0.11412590   0.11940738   0.13010210   0.14983783   0.15887926   0.11921514   0.09699710
  0.34   0.11040093   0.11312910   0.11854072   0.12971369   0.15105861   0.16186945   0.11923178   0.09605573
  0.35   0.10936066   0.11211652   0.11763719   0.12925171   0.15221920   0.16500193   0.11928807   0.09512471
  0.36   0.10831865   0.11109234   0.11669989   0.12871432   0.15330838   0.16827603   0.11938620   0.09420418
  0.37   0.10727800   0.11006027   0.11573297   0.12810326   0.15431631   0.17168678   0.11952818   0.09329423
  0.38   0.10623359   0.10902061   0.11474866   0.12744761   0.15524363   0.17519647   0.11971494   0.09239449
  0.39   0.10519335   0.10797908   0.11374636   0.12673301   0.15607431   0.17881941   0.11994916   0.09150531
  0.40   0.10416026   0.10693938   0.11273033   0.12596155   0.15679866   0.18255021   0.12023283   0.09062678
  0.41   0.10313731   0.10590518   0.11170481   0.12513532   0.15740695   0.18638348   0.12056797   0.08975899
  0.42   0.10211910   0.10487222   0.11067052   0.12426930   0.15791646   0.19029282   0.12095710   0.08890247
  0.43   0.10110627   0.10384198   0.10963073   0.12336920   0.15832507   0.19426695   0.12140236   0.08805744
  0.44   0.10010321   0.10281947   0.10859028   0.12243492   0.15861847   0.19830405   0.12190569   0.08722391
  0.45   0.09911140   0.10180692   0.10755279   0.12147090   0.15879186   0.20239490   0.12246918   0.08640204
  0.46   0.09813045   0.10080421   0.10651922   0.12048157   0.15885041   0.20652655   0.12309529   0.08559230
  0.47   0.09715364   0.09980319   0.10548156   0.11947151   0.15883304   0.21067328   0.12378764   0.08479614
  0.48   0.09618658   0.09881134   0.10444928   0.11844508   0.15871285   0.21483423   0.12454755   0.08401308
  0.49   0.09522979   0.09782972   0.10342468   0.11740671   0.15849000   0.21899833   0.12537732   0.08324344
  0.50   0.09428382   0.09685940   0.10241005   0.11636085   0.15816465   0.22315449   0.12627921   0.08248753
  0.51   0.09334892   0.09590097   0.10140692   0.11531121   0.15773920   0.22729148   0.12725552   0.08174580
  0.52   0.09242035   0.09494704   0.10040372   0.11424876   0.15725485   0.23139503   0.12830919   0.08102106
  0.53   0.09150118   0.09400270   0.09940936   0.11318438   0.15669216   0.23545559   0.12944217   0.08031245
  0.54   0.09059145   0.09306824   0.09842486   0.11212126   0.15605509   0.23946179   0.13065681   0.07962049
  0.55   0.08969122   0.09214393   0.09745120   0.11106260   0.15534762   0.24340226   0.13195543   0.07894575
  0.56   0.08880052   0.09123004   0.09648940   0.11001157   0.15457370   0.24726564   0.13334037   0.07828876
  0.57   0.08791790   0.09032352   0.09553260   0.10895620   0.15375091   0.25105550   0.13481029   0.07765309
  0.58   0.08704393   0.08942581   0.09458453   0.10790493   0.15287849   0.25475528   0.13636881   0.07703822
  0.59   0.08617861   0.08853709   0.09364599   0.10686056   0.15196078   0.25835402   0.13801815   0.07644480
  0.60   0.08532186   0.08765732   0.09271722   0.10582482   0.15100305   0.26184179   0.13976029   0.07587365
  0.61   0.08447357   0.08678645   0.09179847   0.10479942   0.15001059   0.26520866   0.14159723   0.07532561
  0.62   0.08363365   0.08592396   0.09088765   0.10377762   0.14898320   0.26846769   0.14352257   0.07480366
  0.63   0.08280199   0.08506985   0.08998519   0.10276170   0.14792653   0.27160741   0.14553885   0.07430847
  0.64   0.08197850   0.08422411   0.08909156   0.10175432   0.14684645   0.27461541   0.14764897   0.07384067
  0.65   0.08116309   0.08338666   0.08820675   0.10075620   0.14574758   0.27748449   0.14985391   0.07340133
  0.66   0.08035565   0.08255738   0.08733072   0.09976804   0.14463455   0.28020746   0.15215464   0.07299155
  0.67   0.07955623   0.08173629   0.08646314   0.09878736   0.14350306   0.28279931   0.15454166   0.07261295
  0.68   0.07876476   0.08092334   0.08560388   0.09781375   0.14235466   0.28526051   0.15701232   0.07226679
  0.69   0.07798112   0.08011839   0.08475300   0.09684891   0.14119670   0.28757709   0.15957080   0.07195400
  0.70   0.07720522   0.07932135   0.08391041   0.09589307   0.14003244   0.28974527   0.16221649   0.07167575
  0.71   0.07643699   0.07853214   0.08307605   0.09494646   0.13886513   0.29176126   0.16494875   0.07143322
  0.72   0.07567640   0.07775076   0.08224990   0.09400811   0.13768962   0.29364507   0.16775414   0.07122600
  0.73   0.07492340   0.07697720   0.08143191   0.09307732   0.13650244   0.29541198   0.17062175   0.07105401
  0.74   0.07417788   0.07621130   0.08062197   0.09215521   0.13531334   0.29703979   0.17356089   0.07091963
  0.75   0.07343977   0.07545300   0.07982001   0.09124186   0.13412454   0.29852767   0.17656933   0.07082383
  0.76   0.07270900   0.07470221   0.07902597   0.09033735   0.13293825   0.29987478   0.17964485   0.07076760
  0.77   0.07198550   0.07395888   0.07823976   0.08944175   0.13175668   0.30108029   0.18278523   0.07075190
  0.78   0.07126920   0.07322293   0.07746132   0.08855515   0.13058205   0.30214337   0.18598826   0.07077772
  0.79   0.07056003   0.07249431   0.07669061   0.08767660   0.12940503   0.30310041   0.18923335   0.07083966
  0.80   0.06985794   0.07177295   0.07592755   0.08680613   0.12822732   0.30395228   0.19251744   0.07093840
  0.81   0.06916283   0.07105876   0.07517207   0.08594415   0.12705487   0.30468601   0.19584431   0.07107700
  0.82   0.06847464   0.07035169   0.07442409   0.08509065   0.12588894   0.30530393   0.19921018   0.07125589
  0.83   0.06779331   0.06965166   0.07368356   0.08424562   0.12473074   0.30580836   0.20261126   0.07147550
  0.84   0.06711875   0.06895859   0.07295040   0.08340905   0.12358152   0.30620163   0.20604378   0.07173628
  0.85   0.06645090   0.06827243   0.07222454   0.08258094   0.12244251   0.30648608   0.20950396   0.07203865
  0.86   0.06578973   0.06759311   0.07150589   0.08176056   0.12130444   0.30669477   0.21297966   0.07237185
  0.87   0.06513514   0.06692055   0.07079439   0.08094817   0.12017249   0.30681854   0.21647023   0.07274049
  0.88   0.06448706   0.06625470   0.07008998   0.08014381   0.11904867   0.30685738   0.21997254   0.07314587
  0.89   0.06384544   0.06559547   0.06939258   0.07934742   0.11793356   0.30681556   0.22348226   0.07358772
  0.90   0.06321019   0.06494280   0.06870213   0.07855896   0.11682772   0.30669736   0.22699509   0.07406575
  0.91   0.06258125   0.06429661   0.06801855   0.07777837   0.11573173   0.30650707   0.23050673   0.07457969
  0.92   0.06195855   0.06365685   0.06734178   0.07700559   0.11464591   0.30624916   0.23401330   0.07512885
  0.93   0.06134210   0.06302350   0.06667176   0.07624026   0.11356463   0.30593343   0.23752228   0.07570204
  0.94   0.06073178   0.06239645   0.06600841   0.07548252   0.11249217   0.30556085   0.24102227   0.07630555
  0.95   0.06012754   0.06177563   0.06535166   0.07473229   0.11142878   0.30513600   0.24450962   0.07693848
  0.96   0.05952929   0.06116099   0.06470144   0.07398950   0.11037466   0.30466348   0.24798067   0.07759997
  0.97   0.05893699   0.06055245   0.06405769   0.07325408   0.10933004   0.30414786   0.25143178   0.07828912
  0.98   0.05835056   0.05994996   0.06342033   0.07252595   0.10829514   0.30359373   0.25485928   0.07900505
  0.99   0.05776995   0.05935343   0.06278930   0.07180505   0.10727000   0.30300543   0.25826033   0.07974650
  1.00   0.05719511   0.05876285   0.06216455   0.07109125   0.10625306   0.30238531   0.26163868   0.08050918
