  0.00   0.12500000   0.12500000   0.12500000   0.12500000   0.12500000   0.12500000   0.12500000   0.12500000
  0.01   0.12500138   0.12500161   0.12500192   0.12500228   0.12500251   0.12500202   0.12499910   0.12498919
  0.02   0.12500983   0.12501154   0.12501392   0.12501667   0.12501847   0.12501485   0.12499308   0.12492164
  0.03   0.12503054   0.12503645   0.12504466   0.12505418   0.12506050   0.12504830   0.12497568   0.12474969
  0.04   0.12506490   0.12507887   0.12509834   0.12512098   0.12513617   0.12510781   0.12494100   0.12445192
  0.05   0.12511126   0.12513805   0.12517547   0.12521914   0.12524871   0.12519506   0.12488401   0.12402831
  0.06   0.12516683   0.12521327   0.12527841   0.12535488   0.12540717   0.12531512   0.12479326   0.12347104
  0.07   0.12522939   0.12530306   0.12540683   0.12552932   0.12561381   0.12546880   0.12466449   0.12278430
  0.08   0.12529012   0.12539981   0.12555513   0.12573974   0.12586837   0.12565318   0.12449136   0.12200229
  0.09   0.12534791   0.12550255   0.12572266   0.12598605   0.12617125   0.12586815   0.12427351   0.12112793
  0.10   0.12539478   0.12560452   0.12590481   0.12626685   0.12652388   0.12611210   0.12400570   0.12018735
  0.11   0.12542612   0.12570155   0.12609845   0.12658095   0.12692703   0.12638394   0.12368751   0.11919444
  0.12   0.12543796   0.12579003   0.12630086   0.12692739   0.12738150   0.12668276   0.12331854   0.11816094
  0.13   0.12541837   0.12585858   0.12650305   0.12730278   0.12789029   0.12700589   0.12290184   0.11711920
  0.14   0.12537434   0.12591382   0.12671020   0.12770908   0.12845171   0.12735490   0.12243602   0.11604994
  0.15   0.12530301   0.12595274   0.12691972   0.12814527   0.12906693   0.12772916   0.12192320   0.11495996
  0.16   0.12519301   0.12596347   0.12712130   0.12860744   0.12974069   0.12812624   0.12137176   0.11387610
  0.17   0.12505074   0.12595271   0.12732074   0.12909779   0.13047031   0.12854749   0.12077698   0.11278324
  0.18   0.12487338   0.12591684   0.12751434   0.12961472   0.13125793   0.12899221   0.12014331   0.11168727
  0.19   0.12465468   0.12584792   0.12769388   0.13015462   0.13210826   0.12945873   0.11948064   0.11060128
  0.20   0.12439849   0.12575087   0.12786445   0.13071971   0.13301837   0.12994809   0.11878285   0.10951717
  0.21   0.12410331   0.12562246   0.12802161   0.13130745   0.13399107   0.13045930   0.11805617   0.10843863
  0.22   0.12376717   0.12545856   0.12815964   0.13191457   0.13502995   0.13099111   0.11730857   0.10737042
  0.23   0.12339146   0.12526210   0.12828258   0.13254337   0.13613248   0.13154440   0.11653443   0.10630918
  0.24   0.12297781   0.12503271   0.12838760   0.13319083   0.13730022   0.13211796   0.11573795   0.10525493
  0.25   0.12252683   0.12476862   0.12847045   0.13385340   0.13853570   0.13271035   0.11492529   0.10420937
  0.26   0.12203734   0.12446883   0.12853063   0.13453134   0.13983930   0.13332172   0.11409703   0.10317380
  0.27   0.12150933   0.12413243   0.12856634   0.13522329   0.14121212   0.13395152   0.11325577   0.10214919
  0.28   0.12094301   0.12375869   0.12857585   0.13592779   0.14265514   0.13459916   0.11240400   0.10113636
  0.29   0.12034694   0.12335432   0.12856080   0.13663987   0.14416561   0.13526202   0.11154012   0.10013033
  0.30   0.11971764   0.12291532   0.12851798   0.13735961   0.14574618   0.13594039   0.11066842   0.09913446
  0.31   0.11905608   0.12244163   0.12844596   0.13808524   0.14739751   0.13663350   0.10979102   0.09814906
  0.32   0.11836319   0.12193318   0.12834332   0.13881500   0.14912025   0.13734058   0.10891006   0.09717441
  0.33   0.11764294   0.12139347   0.12821124   0.13954588   0.15091229   0.13805985   0.10802492   0.09620940
  0.34   0.11689874   0.12082536   0.12805043   0.14027512   0.15277201   0.13878969   0.10713547   0.09525316
  0.35   0.11613035   0.12022737   0.12785843   0.14100143   0.15470118   0.13952974   0.10624494   0.09430656
  0.36   0.11533941   0.11960026   0.12763442   0.14172276   0.15669981   0.14027898   0.10535480   0.09336956
  0.37   0.11452764   0.11894491   0.12737772   0.14243703   0.15876778   0.14103639   0.10446643   0.09244211
  0.38   0.11369869   0.11826701   0.12709369   0.14314212   0.16089885   0.14179988   0.10357628   0.09152348
  0.39   0.11285342   0.11756534   0.12677905   0.14383600   0.16309555   0.14256887   0.10268786   0.09061391
  0.40   0.11199371   0.11684124   0.12643366   0.14451660   0.16535718   0.14334222   0.10180209   0.08971330
  0.41   0.11112144   0.11609602   0.12605742   0.14518185   0.16768305   0.14411882   0.10091988   0.08882152
  0.42   0.11023780   0.11533182   0.12565267   0.14583082   0.17007007   0.14489767   0.10004061   0.08793854
  0.43   0.10934408   0.11455063   0.12522144   0.14646241   0.17251549   0.14567778   0.09916388   0.08706431
  0.44   0.10844244   0.11375346   0.12476257   0.14707408   0.17501961   0.14645795   0.09829124   0.08619866
  0.45   0.10753460   0.11294181   0.12427653   0.14766404   0.17758116   0.14723710   0.09742324   0.08534153
  0.46   0.10662218   0.11211717   0.12376390   0.14823061   0.18019880   0.14801416   0.09656039   0.08449280
  0.47   0.10570127   0.11127938   0.12323081   0.14877934   0.18286561   0.14879077   0.09570018   0.08365264
  0.48   0.10477694   0.11043095   0.12267436   0.14930407   0.18558368   0.14956420   0.09484499   0.08282081
  0.49   0.10385060   0.10957330   0.12209534   0.14980338   0.18835146   0.15033352   0.09399519   0.08199721
  0.50   0.10292366   0.10870787   0.12149452   0.15027588   0.19116736   0.15109777   0.09315117   0.08118177
  0.51   0.10199754   0.10783607   0.12087268   0.15072017   0.19402982   0.15185600   0.09231332   0.08037440
  0.52   0.10107364   0.10695932   0.12023060   0.15113485   0.19693727   0.15260727   0.09148202   0.07957503
  0.53   0.10015188   0.10607815   0.11956978   0.15152062   0.19988735   0.15335154   0.09065711   0.07878358
  0.54   0.09922709   0.10519000   0.11889410   0.15188523   0.20287502   0.15409184   0.08983665   0.07800008
  0.55   0.09830504   0.10429892   0.11820230   0.15222123   0.20590101   0.15482459   0.08902255   0.07722437
  0.56   0.09738666   0.10340605   0.11749536   0.15252787   0.20896349   0.15554912   0.08821505   0.07645639
  0.57   0.09647290   0.10251255   0.11677430   0.15280440   0.21206067   0.15626478   0.08741436   0.07569605
  0.58   0.09556471   0.10161954   0.11604010   0.15305007   0.21519071   0.15697090   0.08662070   0.07494328
  0.59   0.09466304   0.10072817   0.11529378   0.15326412   0.21835181   0.15766680   0.08583428   0.07419801
  0.60   0.09376603   0.09983722   0.11453635   0.15345001   0.22154181   0.15835387   0.08505455   0.07346017
  0.61   0.09287065   0.09894448   0.11376884   0.15361295   0.22475841   0.15903436   0.08428058   0.07272973
  0.62   0.09198105   0.09805380   0.11299224   0.15374738   0.22800019   0.15970525   0.08351351   0.07200658
  0.63   0.09109774   0.09716593   0.11220755   0.15385323   0.23126528   0.16036620   0.08275342   0.07129065
  0.64   0.09022122   0.09628167   0.11141576   0.15393037   0.23455181   0.16101687   0.08200042   0.07058186
  0.65   0.08935200   0.09540178   0.11061789   0.15397873   0.23785792   0.16165691   0.08125461   0.06988016
  0.66   0.08849061   0.09452703   0.10981493   0.15399820   0.24118174   0.16228596   0.08051607   0.06918545
  0.67   0.08763467   0.09365502   0.10900618   0.15399320   0.24452275   0.16290623   0.07978424   0.06849772
  0.68   0.08678361   0.09278530   0.10819197   0.15396534   0.24787962   0.16351832   0.07905896   0.06781689
  0.69   0.08593945   0.09192032   0.10737422   0.15391215   0.25124975   0.16412055   0.07834068   0.06714288
  0.70   0.08510240   0.09106055   0.10655375   0.15383400   0.25463142   0.16471284   0.07762943   0.06647562
  0.71   0.08427269   0.09020641   0.10573140   0.15373124   0.25802290   0.16529509   0.07692523   0.06581504
  0.72   0.08345052   0.08935837   0.10490799   0.15360425   0.26142246   0.16586722   0.07622812   0.06516108
  0.73   0.08263613   0.08851687   0.10408435   0.15345338   0.26482837   0.16642914   0.07553811   0.06451365
  0.74   0.08182767   0.08767936   0.10325816   0.15328202   0.26824221   0.16698295   0.07485485   0.06387278
  0.75   0.08102569   0.08684678   0.10243074   0.15309007   0.27166172   0.16752820   0.07417843   0.06323838
  0.76   0.08023083   0.08602018   0.10160357   0.15287725   0.27508451   0.16806436   0.07350895   0.06261036
  0.77   0.07944315   0.08519979   0.10077724   0.15264416   0.27850907   0.16859151   0.07284641   0.06198866
  0.78   0.07866272   0.08438584   0.09995236   0.15239138   0.28193394   0.16910972   0.07219082   0.06137322
  0.79   0.07788961   0.08357856   0.09912950   0.15211951   0.28535762   0.16961905   0.07154216   0.06076398
  0.80   0.07712387   0.08277817   0.09830927   0.15182912   0.28877864   0.17011959   0.07090045   0.06016088
  0.81   0.07636433   0.08198247   0.09748837   0.15152178   0.29220072   0.17061291   0.07026545   0.05956397
  0.82   0.07561169   0.08119294   0.09666941   0.15119756   0.29561969   0.17109830   0.06963727   0.05897314
  0.83   0.07486604   0.08040985   0.09585304   0.15085705   0.29903397   0.17157581   0.06901593   0.05838831
  0.84   0.07412738   0.07963331   0.09503968   0.15050087   0.30244233   0.17204559   0.06840140   0.05780944
  0.85   0.07339572   0.07886343   0.09422971   0.15012966   0.30584356   0.17250778   0.06779368   0.05723646
  0.86   0.07267107   0.07810031   0.09342355   0.14974406   0.30923642   0.17296254   0.06719275   0.05666931
  0.87   0.07195341   0.07734404   0.09262158   0.14934470   0.31261970   0.17341001   0.06659860   0.05610794
  0.88   0.07124241   0.07659394   0.09182250   0.14893180   0.31599514   0.17385067   0.06601115   0.05555239
  0.89   0.07053793   0.07584977   0.09102605   0.14850583   0.31936267   0.17428478   0.06543033   0.05500263
  0.90   0.06984018   0.07511212   0.09023361   0.14806767   0.32271934   0.17471231   0.06485620   0.05445855
  0.91   0.06914914   0.07438103   0.08944544   0.14761792   0.32606420   0.17513344   0.06428873   0.05392011
  0.92   0.06846476   0.07365652   0.08866178   0.14715718   0.32939628   0.17554833   0.06372789   0.05338726
  0.93   0.06778702   0.07293863   0.08788287   0.14668604   0.33271464   0.17595718   0.06317368   0.05285994
  0.94   0.06711589   0.07222739   0.08710897   0.14620511   0.33601832   0.17636015   0.06262606   0.05233811
  0.95   0.06645132   0.07152273   0.08634007   0.14571481   0.33930687   0.17675743   0.06208502   0.05182175
  0.96   0.06579306   0.07082417   0.08557513   0.14521486   0.34258223   0.17714920   0.06155046   0.05131089
  0.97   0.06514118   0.07013200   0.08481502   0.14470630   0.34584200   0.17753565   0.06102240   0.05080546
  0.98   0.06449565   0.06944618   0.08405987   0.14418963   0.34908553   0.17791694   0.06050080   0.05030540
  0.99   0.06385639   0.06876671   0.08330977   0.14366536   0.35231218   0.17829326   0.05998565   0.04981068
  1.00   0.06322338   0.06809355   0.08256484   0.14313398   0.35552129   0.17866478   0.05947692   0.04932126
