  0.00   0.12500000   0.12500000   0.12500000   0.12500000   0.12500000   0.12500000   0.12500000   0.12500000
  0.01   0.12500136   0.12500159   0.12500190   0.12500226   0.12500251   0.12500204   0.12499915   0.12498919
  0.02   0.12500965   0.12501139   0.12501381   0.12501663   0.12501857   0.12501523   0.12499393   0.12492080
  0.03   0.12503031   0.12503632   0.12504470   0.12505450   0.12506148   0.12505091   0.12498075   0.12474104
  0.04   0.12506565   0.12507991   0.12509979   0.12512316   0.12514022   0.12511705   0.12495778   0.12441645
  0.05   0.12511548   0.12514285   0.12518108   0.12522618   0.12525981   0.12521853   0.12492462   0.12393145
  0.06   0.12518008   0.12522769   0.12529428   0.12537321   0.12543343   0.12536780   0.12487971   0.12324379
  0.07   0.12525856   0.12533438   0.12544057   0.12556692   0.12566516   0.12556897   0.12482291   0.12234254
  0.08   0.12534428   0.12545792   0.12561733   0.12580774   0.12595861   0.12582700   0.12475602   0.12123109
  0.09   0.12543583   0.12559722   0.12582393   0.12609568   0.12631446   0.12614286   0.12467943   0.11991060
  0.10   0.12552564   0.12574666   0.12605758   0.12643162   0.12673739   0.12652277   0.12459504   0.11838329
  0.11   0.12560731   0.12590097   0.12631474   0.12681430   0.12722873   0.12696951   0.12450478   0.11665964
  0.12   0.12567497   0.12605536   0.12659221   0.12724269   0.12778984   0.12748581   0.12441047   0.11474865
  0.13   0.12570457   0.12618944   0.12687523   0.12770995   0.12842310   0.12808001   0.12432028   0.11269742
  0.14   0.12570955   0.12631453   0.12717194   0.12821971   0.12912695   0.12874728   0.12422969   0.11048034
  0.15   0.12568258   0.12642424   0.12747742   0.12876930   0.12990153   0.12948977   0.12414156   0.10811359
  0.16   0.12559003   0.12648913   0.12776910   0.12934643   0.13074740   0.13031748   0.12406897   0.10567145
  0.17   0.12545051   0.12652550   0.12805948   0.12995789   0.13166425   0.13122489   0.12400468   0.10311281
  0.18   0.12525174   0.12652219   0.12833953   0.13059826   0.13265168   0.13221573   0.12395451   0.10046637
  0.19   0.12496242   0.12645083   0.12858628   0.13125372   0.13370869   0.13329955   0.12393331   0.09780521
  0.20   0.12460142   0.12632853   0.12881358   0.13193260   0.13483589   0.13447058   0.12393213   0.09508526
  0.21   0.12415303   0.12614036   0.12900861   0.13262662   0.13603246   0.13573491   0.12396050   0.09234351
  0.22   0.12359388   0.12586409   0.12915226   0.13332345   0.13729721   0.13710155   0.12403257   0.08963499
  0.23   0.12293983   0.12551480   0.12925749   0.13403144   0.13863096   0.13856438   0.12413874   0.08692235
  0.24   0.12218217   0.12508262   0.12931411   0.13474286   0.14003295   0.14013059   0.12428879   0.08422592
  0.25   0.12130509   0.12455103   0.12930641   0.13544652   0.14150208   0.14180974   0.12449635   0.08158278
  0.26   0.12030623   0.12391855   0.12923390   0.13614264   0.14303837   0.14360096   0.12476076   0.07899858
  0.27   0.11917894   0.12317850   0.12909046   0.13682700   0.14464142   0.14550768   0.12508708   0.07648892
  0.28   0.11791658   0.12232419   0.12886993   0.13749535   0.14631081   0.14753338   0.12548039   0.07406939
  0.29   0.11653223   0.12136116   0.12856940   0.13813982   0.14804427   0.14968871   0.12595023   0.07171417
  0.30   0.11501607   0.12028074   0.12818220   0.13875678   0.14984168   0.15197598   0.12650097   0.06944558
  0.31   0.11336124   0.11907612   0.12770215   0.13934202   0.15170266   0.15439855   0.12713761   0.06727965
  0.32   0.11156359   0.11774216   0.12712353   0.13989084   0.15362655   0.15696080   0.12786580   0.06522673
  0.33   0.10962314   0.11627656   0.12644166   0.14039790   0.15561176   0.15966762   0.12869110   0.06329025
  0.34   0.10756193   0.11469213   0.12565755   0.14085442   0.15765173   0.16252662   0.12961866   0.06143696
  0.35   0.10536752   0.11297806   0.12476333   0.14125698   0.15974768   0.16554116   0.13065428   0.05969099
  0.36   0.10304014   0.11113220   0.12375439   0.14160022   0.16189796   0.16871614   0.13180351   0.05805543
  0.37   0.10058645   0.10915736   0.12262845   0.14187764   0.16409792   0.17205525   0.13307054   0.05652638
  0.38   0.09802620   0.10706641   0.12138799   0.14208051   0.16633669   0.17555965   0.13445677   0.05508577
  0.39   0.09535344   0.10485246   0.12002617   0.14220452   0.16861554   0.17923544   0.13596907   0.05374337
  0.40   0.09257222   0.10251629   0.11853975   0.14224362   0.17093105   0.18308679   0.13761218   0.05249810
  0.41   0.08969506   0.10006616   0.11692988   0.14219036   0.17327318   0.18711312   0.13938770   0.05134453
  0.42   0.08674003   0.09751516   0.11520052   0.14203635   0.17562760   0.19131076   0.14129519   0.05027439
  0.43   0.08370681   0.09486025   0.11334620   0.14177627   0.17799428   0.19568632   0.14334101   0.04928885
  0.44   0.08060286   0.09210523   0.11136547   0.14140353   0.18036711   0.20024207   0.14552863   0.04838510
  0.45   0.07744510   0.08926408   0.10926492   0.14091174   0.18272955   0.20496974   0.14785615   0.04755873
  0.46   0.07424938   0.08634963   0.10705024   0.14029450   0.18506623   0.20986221   0.15032228   0.04680552
  0.47   0.07102067   0.08336299   0.10471781   0.13954515   0.18737383   0.21492456   0.15293193   0.04612305
  0.48   0.06776926   0.08031098   0.10226859   0.13865714   0.18964313   0.22015589   0.15568697   0.04550805
  0.49   0.06451234   0.07721178   0.09971671   0.13762985   0.19185317   0.22553752   0.15858102   0.04495761
  0.50   0.06126299   0.07407682   0.09706845   0.13645915   0.19399000   0.23106136   0.16161263   0.04446860
  0.51   0.05803077   0.07091174   0.09432336   0.13513786   0.19604562   0.23672841   0.16478454   0.04403769
  0.52   0.05482761   0.06772603   0.09148548   0.13366084   0.19800807   0.24253361   0.16809668   0.04366167
  0.53   0.05166542   0.06454086   0.08858208   0.13204398   0.19985549   0.24843904   0.17153394   0.04333919
  0.54   0.04855611   0.06136474   0.08561526   0.13028037   0.20157672   0.25444240   0.17509751   0.04306689
  0.55   0.04551159   0.05820639   0.08258749   0.12836344   0.20316048   0.26054083   0.17878835   0.04284144
  0.56   0.04254377   0.05507678   0.07950578   0.12629073   0.20459352   0.26672508   0.18260446   0.04265989
  0.57   0.03966456   0.05198692   0.07637713   0.12405978   0.20586262   0.27298588   0.18654386   0.04251925
  0.58   0.03686647   0.04894824   0.07323745   0.12171429   0.20696298   0.27926848   0.19058173   0.04242037
  0.59   0.03416828   0.04597157   0.07008348   0.11923541   0.20787836   0.28557978   0.19472419   0.04235893
  0.60   0.03158082   0.04306793   0.06692388   0.11662330   0.20859603   0.29190793   0.19896794   0.04233217
  0.61   0.02911397   0.04024834   0.06376863   0.11388028   0.20910361   0.29823897   0.20330865   0.04233754
  0.62   0.02677572   0.03752295   0.06062857   0.11101123   0.20939043   0.30455739   0.20774105   0.04237266
  0.63   0.02454761   0.03488970   0.05752575   0.10805612   0.20946862   0.31082661   0.21224747   0.04243812
  0.64   0.02244624   0.03236272   0.05446731   0.10500836   0.20932004   0.31703802   0.21682672   0.04253060
  0.65   0.02047631   0.02995063   0.05146546   0.10187717   0.20893681   0.32317351   0.22147199   0.04264810
  0.66   0.01862786   0.02764905   0.04852699   0.09868227   0.20833053   0.32921792   0.22617526   0.04279012
  0.67   0.01689723   0.02545921   0.04566099   0.09543886   0.20750439   0.33515480   0.23092903   0.04295550
  0.68   0.01528986   0.02339037   0.04287995   0.09215564   0.20644956   0.34096590   0.23572656   0.04314217
  0.69   0.01380335   0.02144391   0.04019155   0.08884549   0.20516894   0.34663669   0.24056120   0.04334887
  0.70   0.01242388   0.01960688   0.03759118   0.08552348   0.20368641   0.35216413   0.24542848   0.04357555
  0.71   0.01115504   0.01788811   0.03509292   0.08220135   0.20199393   0.35752772   0.25032060   0.04382033
  0.72   0.00999422   0.01628868   0.03270423   0.07889200   0.20009481   0.36271315   0.25523097   0.04408195
  0.73   0.00893053   0.01479676   0.03041761   0.07560394   0.19801127   0.36772256   0.26015699   0.04436034
  0.74   0.00795972   0.01341084   0.02823752   0.07234922   0.19575041   0.37254496   0.26509285   0.04465447
  0.75   0.00707878   0.01213140   0.02617069   0.06914053   0.19331646   0.37716683   0.27003214   0.04496317
  0.76   0.00628197   0.01095359   0.02421616   0.06598618   0.19072184   0.38158394   0.27497055   0.04528577
  0.77   0.00556158   0.00986779   0.02236482   0.06288850   0.18798679   0.38580242   0.27990601   0.04562210
  0.78   0.00491372   0.00887367   0.02062336   0.05986141   0.18511644   0.38980830   0.28483210   0.04597100
  0.79   0.00433304   0.00796737   0.01899254   0.05691449   0.18212161   0.39359520   0.28974403   0.04633173
  0.80   0.00381366   0.00713965   0.01746027   0.05404303   0.17902081   0.39717624   0.29464204   0.04670431
  0.81   0.00335027   0.00638704   0.01602816   0.05125759   0.17582433   0.40054368   0.29952100   0.04708794
  0.82   0.00293749   0.00570502   0.01469539   0.04856595   0.17254395   0.40369355   0.30437674   0.04748192
  0.83   0.00257115   0.00508827   0.01345639   0.04596830   0.16919207   0.40663054   0.30920738   0.04788588
  0.84   0.00224782   0.00453125   0.01230369   0.04346148   0.16578117   0.40936305   0.31401199   0.04829954
  0.85   0.00196165   0.00402917   0.01123660   0.04105415   0.16232355   0.41188643   0.31878623   0.04872223
  0.86   0.00170785   0.00357695   0.01025157   0.03874991   0.15883153   0.41420156   0.32352719   0.04915344
  0.87   0.00148510   0.00317146   0.00934194   0.03654165   0.15531319   0.41631943   0.32823443   0.04959280
  0.88   0.00128872   0.00280769   0.00850406   0.03443260   0.15178069   0.41824128   0.33290514   0.05003983
  0.89   0.00111646   0.00248237   0.00773353   0.03242057   0.14824240   0.41997297   0.33753767   0.05049404
  0.90   0.00096600   0.00219220   0.00702592   0.03050343   0.14470680   0.42152030   0.34213036   0.05095498
  0.91   0.00083439   0.00193341   0.00637699   0.02868040   0.14118329   0.42288805   0.34668130   0.05142218
  0.92   0.00072021   0.00170375   0.00578325   0.02694857   0.13767762   0.42408238   0.35118905   0.05189516
  0.93   0.00062067   0.00149954   0.00524034   0.02530672   0.13419906   0.42510842   0.35565178   0.05237347
  0.94   0.00053466   0.00131896   0.00474515   0.02375149   0.13075190   0.42597286   0.36006835   0.05285664
  0.95   0.00046003   0.00115903   0.00429374   0.02228084   0.12734364   0.42668134   0.36443717   0.05334420
  0.96   0.00039540   0.00101763   0.00388285   0.02089183   0.12397933   0.42724024   0.36875702   0.05383571
  0.97   0.00033971   0.00089301   0.00350943   0.01958114   0.12066304   0.42765615   0.37302683   0.05433069
  0.98   0.00029132   0.00078276   0.00317001   0.01834618   0.11740067   0.42793516   0.37724523   0.05482869
  0.99   0.00024976   0.00068584   0.00286222   0.01718329   0.11419433   0.42808392   0.38141138   0.05532925
  1.00   0.00021398   0.00060056   0.00258314   0.01608934   0.11104801   0.42810884   0.38552420   0.05583192
