model_properties:
  L0: 0.07
  tauf: 1800.0
  k: 0.6
  rho: 1000.0
  c: 4186.0
  W: 0.0003303
  h: 10.0
  Troom: 21.5
  Tmax: 32.0
  Ty10: 22.28
  Ty20: 26.67
  Ty30: 21.5
  alfa: 50
  activation: tanh
  initial_weights_regularizer: false
  initialization: Glorot uniform
  optimizer: L-BFGS
  iters: 3000
  iters_lbfgs: 15000
  learning_rate: 0.001
  num_dense_layers: 4
  num_dense_nodes: 50
  num_domain: 1800
  num_boundary: 1000
  num_initial: 0
  num_test: 1000
  resampling: true
  resampler_period: 100
  w_res: 1
  w_bc0: 1
  w_bc1: 1
  w_ic: 1
  beta: 0.9
  pwr_fact: 0.0
  SAR_0: 50.0
  PD: 0.025
  x0: 0.001
  b1: 5.0
  b2: 0.06217
  b3: -0.00132
  n_ins: 4
  np_seed: 500
  sigma: 1.0
  x1_min: 0
  n_anchor_points: 5
model_parameters:
  lam: 20
  upsilon: 1
  W_min: ${model_parameters.W0}
  W_max: ${model_parameters.W7}
  W0: 1.0e-05
  W1: 0.0001506
  W2: 0.0001806
  W3: 0.0001
  W4: 0.0002405
  W5: 0.0002704
  W6: 0.0003004
  W7: 0.0003
  W_sys: 0.0001
  W_index: 3
  n_obs: 3
  gt1_0: 24.44
  gt2_0: 29.25
  x_y2: 0
  x_gt2: 0.01
  x_gt1: 0.04
  x_y1: 0.07
  loss_weights:
  - 0.006289862096309662
  - 2.0888912677764893
  - 27.680763244628906
  - 8.396754264831543
output_dir: /Users/guglielmocappellini/Desktop/research/code/pinns-bioheat-experiments/outputs/2025-01-02/11-01-19/ground_truth
experiment: meas_cool_1
