model_properties:
  L0: 0.07
  tauf: 1800.0
  k: 0.6
  rho: 1000.0
  c: 4186.0
  incr_fact: 1.2
  W: 0.0033
  h: 10.0
  Troom: 21.5
  Tmax: 32.0
  Ty10: 21.5
  Ty20: 30.2
  Ty30: 21.5
  Tgt20: 31.5
  alfa: 50.0
  activation: tanh
  initial_weights_regularizer: false
  initialization: Glorot uniform
  optimizer: L-BFGS
  iters: 3000
  iters_lbfgs: 15000
  learning_rate: 0.001
  num_dense_layers: 4
  num_dense_nodes: 50
  num_domain: 1800
  num_boundary: 1000
  num_initial: 0
  num_test: 1000
  resampling: true
  resampler_period: 100
  w_res: 1
  w_bc0: 1
  w_bc1: 1
  w_ic: 1
  beta: 0.9
  pwr_fact: 0.0
  SAR_0: 50.0
  PD: 0.025
  x0: 0.001
  b1: -18.13111
  b2: 16.97127
  b3: 0.65889
  b4: 0.56476
  c1: -1.15984
  c2: 0.65889
  c3: 0.56476
  n_ins: 4
  np_seed: 500
  sigma: 1.0
  n_anchor_points: 0
model_parameters:
  lam: 10.0
  upsilon: 100.0
  W_min: 6.3e-05
  W_max: 0.00165
  W0: 6.3e-05
  W1: 0.00029
  W2: 0.000516
  W3: 0.000743
  W4: 0.00097
  W5: 0.001197
  W6: 0.001423
  W7: 0.00165
  W_sys: 8.0e-05
  W_index: 0
  n_obs: 1
  x_gt2: 0.01
  x_w: 0.025
  x_gt1: 0.04
  loss_weights:
  - 0.006289862096309662
  - 2.0888912677764893
  - 27.680763244628906
  - 8.396754264831543
output_dir: /Users/guglielmocappellini/Desktop/research/code/pinns-bioheat-experiments/outputs/2025-01-29/12-26-06
experiment: meas_cool_1
