model_properties:
  L0: 0.07
  tauf: 1800.0
  k: 0.6
  rho: 1000.0
  c: 4186.0
  W: 0.002105
  h: 10.0
  Troom: 21.5
  Tmax: 32.0
  Ty10: 21.5
  Ty20: 30.0
  Ty30: 21.5
  alfa: 50
  activation: tanh
  initial_weights_regularizer: false
  initialization: Glorot uniform
  optimizer: L-BFGS
  iters: 10000
  learning_rate: 0.001
  num_dense_layers: 4
  num_dense_nodes: 50
  num_domain: 16348
  num_boundary: 4000
  num_initial: 2000
  num_test: 1000
  resampling: true
  resampler_period: 100
  w_res: 1
  w_bc0: 1
  w_bc1: 1
  w_ic: 1
  beta: 0.9
  pwr_fact: 0.0
  SAR_0: 50.0
  PD: 0.025
  x0: 0.001
  b1: 5.0
  b2: 0.20454
  b3: -0.00618
  n_ins: 2
model_parameters:
  lam: 1
  upsilon: 1
  W_min: ${model_parameters.W0}
  W_max: ${model_parameters.W7}
  W0: 0.001207
  W1: 0.001506
  W2: 0.001806
  W3: 0.002105
  W4: 0.002405
  W5: 0.002704
  W6: 0.003004
  W7: 0.003303
  W_sys: 0.002105
  W_index: 7
  n_obs: 1
  gt1_0: 24.44
  gt2_0: 29.25
  x_y2: 0
  x_gt2: 0.01
  x_gt1: 0.04
  x_y1: 0.07
  loss_weights:
  - 0.006289862096309662
  - 2.0888912677764893
  - 27.680763244628906
  - 8.396754264831543
output_dir: /Users/guglielmocappellini/Desktop/phd/code/pinns-bioheat-experiments/multirun/2024-12-09/12-17-13/7
