model_properties:
  L0: 0.07
  tauf: 3600.0
  k: 0.6
  rho: 1000.0
  c: 4186.0
  W: 0.001651
  h: 10.0
  Troom: 21.5
  Tmax: 32.0
  Ty10: 21.5
  Ty20: 32.0
  Ty30: 21.5
  K: 4.6
  activation: tanh
  initial_weights_regularizer: true
  initialization: Glorot normal
  iterations: 10000
  LBFGS: false
  learning_rate: 0.001
  num_dense_layers: 4
  num_dense_nodes: 50
  num_domain: 8000
  num_boundary: 4800
  num_initial: 3200
  num_test: 20000
  resampling: true
  resampler_period: 100
  w_res: 1
  w_bc0: 1
  w_bc1: 1
  w_ic: 1
  beta: 0.9
  pwr_fact: 0.0
  SAR_0: 50.0
  PD: 0.025
  x0: 0.001
  b1: 4.9149
  b2: 0.354
  direct: false
model_parameters:
  lam: 50
  upsilon: 50
  W0: 6.3e-05
  W1: 0.0006
  W2: 0.003303
  W3: 0.0014
  W4: 0.001651
  W5: 0.0021
  W6: 0.0026
  W7: 0.001207
  n_obs: 1
  gt1_0: 24.44
  gt2_0: 29.25
  x_y2: 0
  x_gt2: 0.01
  x_gt1: 0.04
  x_y1: 0.07
  loss_weights:
  - 1
  - 1
  - 1
  - 1
experiment:
- cooling
- simulation_debug
output_dir: /Users/guglielmocappellini/Desktop/phd/code/pinns-bioheat-experiments/outputs/2024-11-12/11-56-18
