model_properties:
  L0: 0.07
  tauf: 3600.0
  k: 0.6
  rho: 1000.0
  c: 4186.0
  W: 0.003303
  h: 10.0
  Troom: 21.5
  Tmax: 32.0
  Ty10: 21.5
  Ty20: 32.0
  Ty30: 21.5
  alfa: 50
  activation: tanh
  initial_weights_regularizer: false
  initialization: Glorot uniform
  optimizer: None
  iters: 5000
  learning_rate: 0.001
  num_dense_layers: 4
  num_dense_nodes: 50
  num_domain: 16348
  num_boundary: 4000
  num_initial: 2000
  num_test: 1000
  resampling: true
  resampler_period: 100
  w_res: 1
  w_bc0: 1
  w_bc1: 1
  w_ic: 1
  beta: 0.9
  pwr_fact: 0.0
  SAR_0: 50.0
  PD: 0.025
  x0: 0.001
  b1: 4.3424
  b2: 0.5053
  direct: false
model_parameters:
  lam: 10
  upsilon: 10
  W0: 0.003303
  W1: 0.001207
  W2: 0.001651
  W3: 0.001207
  W4: 6.3e-05
  W5: 0.0021
  W6: 0.0026
  W7: 0.001207
  W_sys: 0.001651
  W_index: 3
  n_obs: 1
  gt1_0: 24.44
  gt2_0: 29.25
  x_y2: 0
  x_gt2: 0.01
  x_gt1: 0.04
  x_y1: 0.07
  loss_weights:
  - 0.006289862096309662
  - 2.0888912677764893
  - 27.680763244628906
  - 8.396754264831543
output_dir: /Users/guglielmocappellini/Desktop/phd/code/pinns-bioheat-experiments/multirun/2024-11-26/12-56-30/2
