model_properties:
  L0: 0.07
  tauf: 1800.0
  k: 0.6
  rho: 1000.0
  c: 4186.0
  W: 0.6
  h: 10.0
  Troom: 21.5
  Tmax: 32.0
  Ty10: 22.28
  Ty20: 26.67
  Ty30: 21.5
  K: 50.0
  activation: tanh
  initial_weights_regularizer: true
  initialization: Glorot uniform
  iterations: 30000
  LBFGS: false
  learning_rate: 0.0001
  num_dense_layers: 6
  num_dense_nodes: 92
  num_domain: 2000
  num_boundary: 4000
  num_initial: 1600
  num_test: 10000
  resampling: true
  resampler_period: 100
  w_res: 1.0
  w_bc0: 1.0
  w_bc1: 1.0
  w_ic: 1.0
  beta: 0.9
  pwr_fact: 0.0
  SAR_0: 50.0
  PD: 0.025
  x0: 0.001
  b2: 1.0
  b3: 1.0
model_parameters:
  lam: 50.0
  upsilon: 5.0
  W0: 0.20675
  W1: 0.212
  W2: 0.21725
  W3: 0.2225
  W4: 0.22775
  W5: 0.233
  W6: 0.23825
  W7: 0.2435
  n_obs: 8
  gt1_0: 24.44
  gt2_0: 29.25
  x_y2: 0
  x_gt2: 0.01
  x_gt1: 0.04
  x_y1: 0.07
experiment:
- cooling
- meas_1
