  0.00   0.33333333   0.33333333   0.33333333
  0.01   0.33333324   0.33333334   0.33333342
  0.02   0.33333276   0.33333341   0.33333383
  0.03   0.33333174   0.33333356   0.33333469
  0.04   0.33333006   0.33333386   0.33333608
  0.05   0.33332767   0.33333432   0.33333800
  0.06   0.33332444   0.33333502   0.33334054
  0.07   0.33332032   0.33333599   0.33334369
  0.08   0.33331522   0.33333729   0.33334748
  0.09   0.33330909   0.33333898   0.33335193
  0.10   0.33330194   0.33334107   0.33335698
  0.11   0.33329377   0.33334361   0.33336263
  0.12   0.33328443   0.33334667   0.33336891
  0.13   0.33327386   0.33335031   0.33337583
  0.14   0.33326205   0.33335459   0.33338335
  0.15   0.33324897   0.33335956   0.33339147
  0.16   0.33323459   0.33336527   0.33340014
  0.17   0.33321888   0.33337177   0.33340935
  0.18   0.33320178   0.33337913   0.33341909
  0.19   0.33318326   0.33338741   0.33342933
  0.20   0.33316330   0.33339665   0.33344005
  0.21   0.33314185   0.33340691   0.33345123
  0.22   0.33311906   0.33341813   0.33346282
  0.23   0.33309484   0.33343037   0.33347479
  0.24   0.33306919   0.33344369   0.33348712
  0.25   0.33304208   0.33345812   0.33349979
  0.26   0.33301336   0.33347382   0.33351282
  0.27   0.33298303   0.33349081   0.33352616
  0.28   0.33295107   0.33350912   0.33353980
  0.29   0.33291746   0.33352882   0.33355372
  0.30   0.33288225   0.33354990   0.33356785
  0.31   0.33284538   0.33357243   0.33358219
  0.32   0.33280683   0.33359645   0.33359672
  0.33   0.33276657   0.33362203   0.33361140
  0.34   0.33272464   0.33364914   0.33362622
  0.35   0.33268098   0.33367786   0.33364116
  0.36   0.33263560   0.33370822   0.33365618
  0.37   0.33258847   0.33374026   0.33367127
  0.38   0.33253951   0.33377403   0.33368647
  0.39   0.33248874   0.33380956   0.33370171
  0.40   0.33243615   0.33384689   0.33371697
  0.41   0.33238171   0.33388606   0.33373223
  0.42   0.33232542   0.33392711   0.33374747
  0.43   0.33226725   0.33397009   0.33376266
  0.44   0.33220718   0.33401502   0.33377780
  0.45   0.33214531   0.33406178   0.33379291
  0.46   0.33208171   0.33411024   0.33380805
  0.47   0.33201627   0.33416060   0.33382313
  0.48   0.33194898   0.33421289   0.33383813
  0.49   0.33187983   0.33426713   0.33385304
  0.50   0.33180882   0.33432333   0.33386786
  0.51   0.33173593   0.33438151   0.33388255
  0.52   0.33166117   0.33444170   0.33389712
  0.53   0.33158424   0.33450412   0.33391164
  0.54   0.33150529   0.33456867   0.33392604
  0.55   0.33142431   0.33463538   0.33394031
  0.56   0.33134128   0.33470427   0.33395444
  0.57   0.33125619   0.33477538   0.33396843
  0.58   0.33116901   0.33484873   0.33398225
  0.59   0.33107973   0.33492436   0.33399591
  0.60   0.33098837   0.33500220   0.33400943
  0.61   0.33089497   0.33508220   0.33402283
  0.62   0.33079946   0.33516448   0.33403606
  0.63   0.33070183   0.33524904   0.33404913
  0.64   0.33060205   0.33533592   0.33406203
  0.65   0.33050012   0.33542513   0.33407475
  0.66   0.33039603   0.33551669   0.33408728
  0.67   0.33028975   0.33561062   0.33409963
  0.68   0.33018133   0.33570680   0.33411187
  0.69   0.33007073   0.33580531   0.33412397
  0.70   0.32995792   0.33590618   0.33413590
  0.71   0.32984291   0.33600942   0.33414767
  0.72   0.32972568   0.33611505   0.33415928
  0.73   0.32960621   0.33622307   0.33417072
  0.74   0.32948450   0.33633351   0.33418199
  0.75   0.32936048   0.33644636   0.33419315
  0.76   0.32923410   0.33656166   0.33420424
  0.77   0.32910541   0.33667939   0.33421520
  0.78   0.32897438   0.33679959   0.33422603
  0.79   0.32884100   0.33692226   0.33423674
  0.80   0.32870526   0.33704741   0.33424733
  0.81   0.32856715   0.33717505   0.33425780
  0.82   0.32842665   0.33730521   0.33426815
  0.83   0.32828374   0.33743788   0.33427838
  0.84   0.32813841   0.33757309   0.33428851
  0.85   0.32799084   0.33771058   0.33429858
  0.86   0.32784121   0.33785013   0.33430866
  0.87   0.32768928   0.33799205   0.33431868
  0.88   0.32753503   0.33813632   0.33432864
  0.89   0.32737848   0.33828295   0.33433857
  0.90   0.32721962   0.33843194   0.33434845
  0.91   0.32705844   0.33858326   0.33435830
  0.92   0.32689495   0.33873693   0.33436812
  0.93   0.32672915   0.33889293   0.33437792
  0.94   0.32656104   0.33905126   0.33438771
  0.95   0.32639038   0.33921213   0.33439750
  0.96   0.32621686   0.33937584   0.33440731
  0.97   0.32604066   0.33954220   0.33441714
  0.98   0.32586175   0.33971125   0.33442700
  0.99   0.32568007   0.33988303   0.33443690
  1.00   0.32549556   0.34005760   0.33444684
