  0.00   0.33333333   0.33333333   0.33333333
  0.01   0.33333241   0.33333350   0.33333409
  0.02   0.33332646   0.33333472   0.33333882
  0.03   0.33331156   0.33333809   0.33335035
  0.04   0.33328347   0.33334503   0.33337150
  0.05   0.33323835   0.33335708   0.33340457
  0.06   0.33317419   0.33337541   0.33345040
  0.07   0.33308604   0.33340229   0.33351167
  0.08   0.33297086   0.33343957   0.33358957
  0.09   0.33282514   0.33348959   0.33368527
  0.10   0.33264558   0.33355440   0.33380002
  0.11   0.33243209   0.33363492   0.33393299
  0.12   0.33218333   0.33373251   0.33408416
  0.13   0.33189473   0.33385031   0.33425496
  0.14   0.33156220   0.33399127   0.33444653
  0.15   0.33118406   0.33415730   0.33465864
  0.16   0.33075855   0.33435054   0.33489092
  0.17   0.33028337   0.33457321   0.33514343
  0.18   0.32975716   0.33482733   0.33541552
  0.19   0.32917754   0.33511543   0.33570703
  0.20   0.32854221   0.33544030   0.33601749
  0.21   0.32784936   0.33580387   0.33634676
  0.22   0.32709699   0.33620843   0.33669458
  0.23   0.32628465   0.33665539   0.33705996
  0.24   0.32541445   0.33714475   0.33744080
  0.25   0.32448292   0.33767961   0.33783747
  0.26   0.32348885   0.33826180   0.33824934
  0.27   0.32243133   0.33889308   0.33867559
  0.28   0.32131018   0.33957496   0.33911487
  0.29   0.32012380   0.34030938   0.33956682
  0.30   0.31887117   0.34109816   0.34003067
  0.31   0.31755162   0.34194286   0.34050552
  0.32   0.31616581   0.34284434   0.34098985
  0.33   0.31471211   0.34380471   0.34148318
  0.34   0.31318977   0.34482560   0.34198463
  0.35   0.31159837   0.34590842   0.34249321
  0.36   0.30993924   0.34705344   0.34300731
  0.37   0.30821091   0.34826276   0.34352633
  0.38   0.30641294   0.34953780   0.34404926
  0.39   0.30454550   0.35087956   0.34457494
  0.40   0.30261292   0.35228613   0.34510094
  0.41   0.30061163   0.35376114   0.34562723
  0.42   0.29854146   0.35530581   0.34615273
  0.43   0.29640222   0.35692139   0.34667639
  0.44   0.29419377   0.35860911   0.34719712
  0.45   0.29191591   0.36037021   0.34771388
  0.46   0.28956850   0.36220592   0.34822558
  0.47   0.28715914   0.36411197   0.34872889
  0.48   0.28468581   0.36609091   0.34922328
  0.49   0.28214684   0.36814503   0.34970812
  0.50   0.27954256   0.37027523   0.35018220
  0.51   0.27687328   0.37248240   0.35064432
  0.52   0.27413932   0.37476742   0.35109326
  0.53   0.27134099   0.37713120   0.35152781
  0.54   0.26848337   0.37957111   0.35194551
  0.55   0.26557237   0.38208394   0.35234369
  0.56   0.26260322   0.38467431   0.35272247
  0.57   0.25957684   0.38734269   0.35308048
  0.58   0.25649413   0.39008952   0.35341635
  0.59   0.25335603   0.39291524   0.35372873
  0.60   0.25016345   0.39582032   0.35401623
  0.61   0.24691781   0.39880479   0.35427740
  0.62   0.24363271   0.40185894   0.35450834
  0.63   0.24030106   0.40498966   0.35470928
  0.64   0.23692439   0.40819689   0.35487872
  0.65   0.23350423   0.41148059   0.35501519
  0.66   0.23004211   0.41484072   0.35511718
  0.67   0.22653956   0.41827723   0.35518321
  0.68   0.22299813   0.42179008   0.35521179
  0.69   0.21942732   0.42537168   0.35520101
  0.70   0.21582820   0.42902240   0.35514940
  0.71   0.21219989   0.43274450   0.35505561
  0.72   0.20854448   0.43653741   0.35491811
  0.73   0.20486406   0.44040056   0.35473538
  0.74   0.20116074   0.44433336   0.35450591
  0.75   0.19743660   0.44833523   0.35422817
  0.76   0.19369777   0.45240006   0.35390217
  0.77   0.18995310   0.45651795   0.35352894
  0.78   0.18619791   0.46069769   0.35310441
  0.79   0.18243463   0.46493820   0.35262718
  0.80   0.17866571   0.46923843   0.35209586
  0.81   0.17489362   0.47359731   0.35150907
  0.82   0.17112079   0.47801378   0.35086543
  0.83   0.16734968   0.48248677   0.35016355
  0.84   0.16358273   0.48701524   0.34940204
  0.85   0.15982239   0.49159810   0.34857952
  0.86   0.15607371   0.49622694   0.34769935
  0.87   0.15234351   0.50088839   0.34676810
  0.88   0.14862984   0.50559376   0.34577640
  0.89   0.14493539   0.51034135   0.34472326
  0.90   0.14126284   0.51512944   0.34360773
  0.91   0.13761485   0.51995633   0.34242882
  0.92   0.13399410   0.52482032   0.34118558
  0.93   0.13040328   0.52971970   0.33987702
  0.94   0.12684506   0.53465275   0.33850219
  0.95   0.12332211   0.53961778   0.33706010
  0.96   0.11983689   0.54461053   0.33555258
  0.97   0.11639151   0.54962294   0.33398555
  0.98   0.11298888   0.55465585   0.33235527
  0.99   0.10963156   0.55970644   0.33066200
  1.00   0.10632214   0.56477188   0.32890598
