  0.00   0.33333333   0.33333333   0.33333333
  0.01   0.33330469   0.33333833   0.33335698
  0.02   0.33313420   0.33336851   0.33349729
  0.03   0.33272544   0.33344190   0.33383266
  0.04   0.33202147   0.33356970   0.33440883
  0.05   0.33095348   0.33376535   0.33528117
  0.06   0.32949239   0.33403450   0.33647311
  0.07   0.32763456   0.33437729   0.33798815
  0.08   0.32532049   0.33480404   0.33987547
  0.09   0.32253463   0.33531575   0.34214962
  0.10   0.31929128   0.33590657   0.34480215
  0.11   0.31558446   0.33657379   0.34784175
  0.12   0.31143889   0.33730769   0.35125342
  0.13   0.30684136   0.33810538   0.35505325
  0.14   0.30177735   0.33896302   0.35925963
  0.15   0.29623307   0.33987597   0.36389097
  0.16   0.29028297   0.34082132   0.36889571
  0.17   0.28393447   0.34178893   0.37427660
  0.18   0.27721900   0.34276333   0.38001767
  0.19   0.27015475   0.34373146   0.38611378
  0.20   0.26277037   0.34467799   0.39255164
  0.21   0.25509393   0.34558754   0.39931853
  0.22   0.24715894   0.34644386   0.40639720
  0.23   0.23899933   0.34723122   0.41376945
  0.24   0.23065314   0.34793251   0.42141435
  0.25   0.22215465   0.34853304   0.42931231
  0.26   0.21354290   0.34901682   0.43744029
  0.27   0.20485581   0.34936936   0.44577483
  0.28   0.19612924   0.34957814   0.45429262
  0.29   0.18740220   0.34962985   0.46296795
  0.30   0.17870825   0.34951515   0.47177660
  0.31   0.17008440   0.34922364   0.48069196
  0.32   0.16156154   0.34874854   0.48968992
  0.33   0.15317141   0.34808369   0.49874490
  0.34   0.14494283   0.34722480   0.50783237
  0.35   0.13690080   0.34616971   0.51692949
  0.36   0.12906958   0.34491751   0.52601291
  0.37   0.12146591   0.34346955   0.53506454
  0.38   0.11411026   0.34182832   0.54406141
  0.39   0.10701865   0.33999821   0.55298314
  0.40   0.10020221   0.33798393   0.56181386
  0.41   0.09366899   0.33579147   0.57053955
  0.42   0.08742732   0.33342996   0.57914272
  0.43   0.08148162   0.33090940   0.58760899
  0.44   0.07583282   0.32823549   0.59593170
  0.45   0.07047991   0.32542035   0.60409973
  0.46   0.06541911   0.32247662   0.61210426
  0.47   0.06064529   0.31941599   0.61993872
  0.48   0.05615695   0.31624407   0.62759898
  0.49   0.05194216   0.31297657   0.63508128
  0.50   0.04798960   0.30962653   0.64238386
  0.51   0.04429320   0.30620274   0.64950406
  0.52   0.04084604   0.30271364   0.65644032
  0.53   0.03763204   0.29917299   0.66319496
  0.54   0.03463718   0.29559234   0.66977048
  0.55   0.03185944   0.29197672   0.67616383
  0.56   0.02928360   0.28833710   0.68237930
  0.57   0.02689601   0.28468308   0.68842091
  0.58   0.02468464   0.28102312   0.69429224
  0.59   0.02264305   0.27736343   0.69999353
  0.60   0.02075894   0.27371127   0.70552979
  0.61   0.01902289   0.27007258   0.71090452
  0.62   0.01742595   0.26645269   0.71612136
  0.63   0.01595465   0.26285957   0.72118578
  0.64   0.01460258   0.25929647   0.72610095
  0.65   0.01336190   0.25576743   0.73087067
  0.66   0.01222564   0.25227577   0.73549859
  0.67   0.01118242   0.24882730   0.73999028
  0.68   0.01022665   0.24542401   0.74434933
  0.69   0.00935159   0.24206841   0.74858000
  0.70   0.00855080   0.23876276   0.75268644
  0.71   0.00781847   0.23551034   0.75667118
  0.72   0.00714898   0.23231218   0.76053884
  0.73   0.00653721   0.22916955   0.76429324
  0.74   0.00597830   0.22608375   0.76793794
  0.75   0.00546752   0.22305652   0.77147596
  0.76   0.00500103   0.22008794   0.77491103
  0.77   0.00457519   0.21717831   0.77824650
  0.78   0.00418632   0.21432828   0.78148541
  0.79   0.00383095   0.21153844   0.78463061
  0.80   0.00350657   0.20880823   0.78768520
  0.81   0.00321075   0.20613726   0.79065199
  0.82   0.00294048   0.20352586   0.79353366
  0.83   0.00269349   0.20097370   0.79633281
  0.84   0.00246815   0.19847991   0.79905193
  0.85   0.00226289   0.19604370   0.80169341
  0.86   0.00207502   0.19366521   0.80425976
  0.87   0.00190340   0.19134343   0.80675317
  0.88   0.00174685   0.18907739   0.80917576
  0.89   0.00160424   0.18686616   0.81152961
  0.90   0.00147372   0.18470932   0.81381696
  0.91   0.00135450   0.18260579   0.81603970
  0.92   0.00124553   0.18055470   0.81819977
  0.93   0.00114580   0.17855516   0.82029904
  0.94   0.00105472   0.17660606   0.82233922
  0.95   0.00097143   0.17470649   0.82432208
  0.96   0.00089517   0.17285554   0.82624929
  0.97   0.00082523   0.17105228   0.82812249
  0.98   0.00076107   0.16929569   0.82994324
  0.99   0.00070225   0.16758472   0.83171303
  1.00   0.00064833   0.16591836   0.83343331
