  0.00   0.12500000   0.12500000   0.12500000   0.12500000   0.12500000   0.12500000   0.12500000   0.12500000
  0.01   0.12499938   0.12500520   0.12501268   0.12501459   0.12501099   0.12500192   0.12498748   0.12496777
  0.02   0.12499303   0.12503408   0.12508699   0.12510079   0.12507584   0.12501317   0.12491440   0.12478169
  0.03   0.12497037   0.12509679   0.12526089   0.12530439   0.12522849   0.12503864   0.12474397   0.12435646
  0.04   0.12491876   0.12519506   0.12555673   0.12565408   0.12548938   0.12507977   0.12445460   0.12365161
  0.05   0.12482398   0.12532344   0.12598390   0.12616449   0.12586770   0.12513493   0.12403747   0.12266409
  0.06   0.12466852   0.12547269   0.12654964   0.12684929   0.12637103   0.12520084   0.12348611   0.12140188
  0.07   0.12444139   0.12563552   0.12725597   0.12771452   0.12700196   0.12527481   0.12279907   0.11987676
  0.08   0.12412543   0.12579790   0.12810209   0.12876599   0.12776122   0.12535151   0.12197833   0.11811753
  0.09   0.12371216   0.12595081   0.12908475   0.13000433   0.12864702   0.12542754   0.12102803   0.11614536
  0.10   0.12319115   0.12608314   0.13020022   0.13143069   0.12965733   0.12549878   0.11995302   0.11398567
  0.11   0.12255146   0.12618065   0.13144145   0.13304418   0.13078777   0.12555998   0.11876190   0.11167261
  0.12   0.12178257   0.12622150   0.13279288   0.13483960   0.13202824   0.12560339   0.11747251   0.10925932
  0.13   0.12088736   0.12621107   0.13425812   0.13681805   0.13338105   0.12563092   0.11608066   0.10673276
  0.14   0.11986422   0.12613833   0.13582634   0.13897477   0.13483907   0.12563868   0.11459787   0.10412073
  0.15   0.11870942   0.12598636   0.13748193   0.14130318   0.13639204   0.12562064   0.11304090   0.10146553
  0.16   0.11742551   0.12576425   0.13923275   0.14380647   0.13804514   0.12558004   0.11140114   0.09874471
  0.17   0.11601963   0.12544530   0.14104230   0.14646568   0.13977427   0.12550748   0.10971440   0.09603093
  0.18   0.11448875   0.12504090   0.14292615   0.14928888   0.14158970   0.12540698   0.10796542   0.09329323
  0.19   0.11284530   0.12454119   0.14486084   0.15226200   0.14347598   0.12527489   0.10617473   0.09056506
  0.20   0.11109411   0.12394237   0.14683733   0.15537959   0.14542714   0.12510983   0.10435028   0.08785934
  0.21   0.10923479   0.12324813   0.14885966   0.15864347   0.14744581   0.12491300   0.10248780   0.08516734
  0.22   0.10728994   0.12245652   0.15090077   0.16203449   0.14951403   0.12468299   0.10060756   0.08251369
  0.23   0.10525885   0.12156468   0.15295870   0.16555210   0.15163053   0.12441890   0.09871201   0.07990422
  0.24   0.10314826   0.12057071   0.15502408   0.16919005   0.15378911   0.12411987   0.09680864   0.07734928
  0.25   0.10097454   0.11948648   0.15708778   0.17293696   0.15598336   0.12378923   0.09489997   0.07484168
  0.26   0.09874473   0.11831046   0.15914043   0.17678644   0.15820709   0.12342623   0.09299333   0.07239129
  0.27   0.09646661   0.11704224   0.16117269   0.18073168   0.16045407   0.12303048   0.09109566   0.07000657
  0.28   0.09415007   0.11568884   0.16317777   0.18476446   0.16271939   0.12260372   0.08920963   0.06768613
  0.29   0.09180542   0.11425968   0.16514992   0.18887620   0.16499870   0.12214839   0.08733638   0.06542531
  0.30   0.08944126   0.11275443   0.16707922   0.19305974   0.16728541   0.12166414   0.08548321   0.06323258
  0.31   0.08706646   0.11117747   0.16895822   0.19730741   0.16957430   0.12115201   0.08365419   0.06110994
  0.32   0.08468471   0.10954086   0.17078801   0.20161236   0.17186475   0.12061550   0.08184572   0.05904809
  0.33   0.08230659   0.10784647   0.17255832   0.20596663   0.17414999   0.12005483   0.08006439   0.05705277
  0.34   0.07994034   0.10609961   0.17426274   0.21036265   0.17642533   0.11947134   0.07831336   0.05512464
  0.35   0.07758748   0.10430747   0.17590197   0.21479483   0.17868996   0.11886731   0.07659124   0.05325974
  0.36   0.07525397   0.10247602   0.17747207   0.21925625   0.18094052   0.11824442   0.07489961   0.05145714
  0.37   0.07294787   0.10061061   0.17896678   0.22373940   0.18317242   0.11760403   0.07324152   0.04971737
  0.38   0.07067039   0.09871607   0.18038660   0.22823941   0.18538472   0.11694783   0.07161657   0.04803841
  0.39   0.06841775   0.09679623   0.18173682   0.23275347   0.18757910   0.11627760   0.07002221   0.04641684
  0.40   0.06620203   0.09485801   0.18300752   0.23727219   0.18974895   0.11559483   0.06846283   0.04485363
  0.41   0.06402818   0.09290693   0.18419564   0.24178915   0.19189143   0.11490115   0.06693972   0.04334780
  0.42   0.06190114   0.09094854   0.18529810   0.24629793   0.19400364   0.11419816   0.06545414   0.04189833
  0.43   0.05982264   0.08898698   0.18631488   0.25079391   0.19608445   0.11348735   0.06400613   0.04050366
  0.44   0.05777790   0.08701937   0.18726157   0.25528170   0.19814143   0.11276937   0.06258939   0.03915927
  0.45   0.05578170   0.08505544   0.18812578   0.25974937   0.20016651   0.11204632   0.06120897   0.03786591
  0.46   0.05383692   0.08309984   0.18890640   0.26419165   0.20215790   0.11131973   0.05986535   0.03662221
  0.47   0.05194644   0.08115723   0.18960231   0.26860328   0.20411383   0.11059111   0.05855899   0.03542681
  0.48   0.05011313   0.07923225   0.19021240   0.27297899   0.20603252   0.10986199   0.05729038   0.03427833
  0.49   0.04831850   0.07731505   0.19075558   0.27732959   0.20792399   0.10913113   0.05605266   0.03317350
  0.50   0.04657492   0.07541674   0.19122183   0.28164266   0.20978122   0.10840128   0.05484956   0.03211179
  0.51   0.04488375   0.07354092   0.19161146   0.28591408   0.21160328   0.10767376   0.05368104   0.03109171
  0.52   0.04324600   0.07169098   0.19192510   0.29013999   0.21338943   0.10694986   0.05254694   0.03011170
  0.53   0.04166267   0.06987029   0.19216340   0.29431654   0.21513891   0.10623084   0.05144709   0.02917025
  0.54   0.04012394   0.06807090   0.19233681   0.29845146   0.21685732   0.10551519   0.05037809   0.02826628
  0.55   0.03863218   0.06629761   0.19244475   0.30253943   0.21854312   0.10480453   0.04934018   0.02739821
  0.56   0.03718930   0.06455475   0.19248701   0.30657561   0.22019503   0.10410038   0.04833346   0.02656444
  0.57   0.03579510   0.06284442   0.19246535   0.31055747   0.22181303   0.10340371   0.04735741   0.02576351
  0.58   0.03444935   0.06116872   0.19238152   0.31448244   0.22339708   0.10271546   0.04641150   0.02499393
  0.59   0.03314792   0.05952304   0.19224037   0.31835476   0.22494969   0.10203458   0.04549427   0.02425537
  0.60   0.03188908   0.05790688   0.19204484   0.32217451   0.22647180   0.10136125   0.04460483   0.02354680
  0.61   0.03067392   0.05632456   0.19179567   0.32593688   0.22796256   0.10069709   0.04374297   0.02286634
  0.62   0.02950160   0.05477714   0.19149508   0.32964038   0.22942233   0.10004276   0.04290801   0.02221270
  0.63   0.02837131   0.05326567   0.19114530   0.33328352   0.23085147   0.09939889   0.04209927   0.02158458
  0.64   0.02728112   0.05178742   0.19074882   0.33686891   0.23225121   0.09876475   0.04131599   0.02098177
  0.65   0.02622891   0.05033891   0.19030816   0.34039999   0.23362297   0.09813933   0.04055742   0.02040431
  0.66   0.02521483   0.04892462   0.18982534   0.34387156   0.23496633   0.09752451   0.03982294   0.01984989
  0.67   0.02423787   0.04754495   0.18930262   0.34728281   0.23628179   0.09692071   0.03911186   0.01931739
  0.68   0.02329701   0.04620030   0.18874229   0.35063297   0.23756987   0.09632833   0.03842351   0.01880572
  0.69   0.02239126   0.04489108   0.18814661   0.35392124   0.23883110   0.09574779   0.03775718   0.01831374
  0.70   0.02151940   0.04361563   0.18751723   0.35714934   0.24006624   0.09517863   0.03711234   0.01784119
  0.71   0.02067996   0.04236924   0.18685484   0.36032277   0.24127646   0.09461908   0.03648862   0.01738904
  0.72   0.01987222   0.04115563   0.18616274   0.36343667   0.24246185   0.09407096   0.03588512   0.01695482
  0.73   0.01909514   0.03997467   0.18544304   0.36649089   0.24362300   0.09353444   0.03530118   0.01653763
  0.74   0.01834764   0.03882626   0.18469786   0.36948527   0.24476048   0.09300974   0.03473616   0.01613658
  0.75   0.01762867   0.03771028   0.18392931   0.37241967   0.24587488   0.09249702   0.03418939   0.01575076
  0.76   0.01693730   0.03662591   0.18313888   0.37529496   0.24696677   0.09199612   0.03366037   0.01537969
  0.77   0.01627316   0.03556893   0.18232505   0.37811691   0.24803664   0.09150514   0.03314925   0.01502491
  0.78   0.01563479   0.03454165   0.18149208   0.38088187   0.24908513   0.09102551   0.03265491   0.01468408
  0.79   0.01502117   0.03354363   0.18064178   0.38359015   0.25011280   0.09055724   0.03217674   0.01435649
  0.80   0.01443131   0.03257442   0.17977600   0.38624209   0.25112024   0.09010036   0.03171416   0.01404143
  0.81   0.01386420   0.03163358   0.17889655   0.38883800   0.25210801   0.08965488   0.03126658   0.01373820
  0.82   0.01331891   0.03072060   0.17800508   0.39137834   0.25307667   0.08922079   0.03083345   0.01344617
  0.83   0.01279625   0.02983287   0.17709827   0.39386771   0.25402594   0.08879653   0.03041539   0.01316703
  0.84   0.01229421   0.02897115   0.17618081   0.39630406   0.25495687   0.08838300   0.03001114   0.01289876
  0.85   0.01181190   0.02813486   0.17525417   0.39868799   0.25586998   0.08798011   0.02962019   0.01264079
  0.86   0.01134845   0.02732341   0.17431984   0.40102011   0.25676579   0.08758778   0.02924203   0.01239258
  0.87   0.01090298   0.02653622   0.17337929   0.40330102   0.25764481   0.08720594   0.02887616   0.01215359
  0.88   0.01047459   0.02577269   0.17243402   0.40553133   0.25850756   0.08683449   0.02852206   0.01192327
  0.89   0.01006446   0.02503190   0.17148078   0.40771362   0.25935348   0.08647256   0.02818037   0.01170284
  0.90   0.00967085   0.02431341   0.17052304   0.40984765   0.26018354   0.08612042   0.02785010   0.01149100
  0.91   0.00929284   0.02361663   0.16956231   0.41193402   0.26099827   0.08577797   0.02753074   0.01128721
  0.92   0.00892972   0.02294096   0.16859975   0.41397348   0.26179812   0.08544508   0.02722186   0.01109104
  0.93   0.00858075   0.02228577   0.16763650   0.41596677   0.26258351   0.08512161   0.02692302   0.01090207
  0.94   0.00824518   0.02165048   0.16667370   0.41791463   0.26335490   0.08480743   0.02663381   0.01071987
  0.95   0.00792381   0.02103482   0.16570928   0.41981838   0.26411189   0.08450211   0.02635461   0.01054510
  0.96   0.00761565   0.02043815   0.16474490   0.42167865   0.26485505   0.08420556   0.02608487   0.01037717
  0.97   0.00731978   0.01985979   0.16378211   0.42349614   0.26558494   0.08391767   0.02582405   0.01021551
  0.98   0.00703562   0.01929918   0.16282175   0.42527164   0.26630190   0.08363829   0.02557180   0.01005982
  0.99   0.00676256   0.01875574   0.16186466   0.42700594   0.26700631   0.08336723   0.02532778   0.00990977
  1.00   0.00650002   0.01822890   0.16091167   0.42869985   0.26769853   0.08310435   0.02509164   0.00976504
