  0.00   0.33333333   0.33333333   0.33333333
  0.01   0.33333964   0.33333736   0.33332300
  0.02   0.33338207   0.33336442   0.33325351
  0.03   0.33349358   0.33343549   0.33307093
  0.04   0.33369727   0.33356517   0.33273756
  0.05   0.33401752   0.33376869   0.33221379
  0.06   0.33448482   0.33406484   0.33145034
  0.07   0.33512005   0.33446626   0.33041369
  0.08   0.33593549   0.33497941   0.32908510
  0.09   0.33693924   0.33560857   0.32745219
  0.10   0.33814860   0.33636293   0.32548847
  0.11   0.33957960   0.33724958   0.32317082
  0.12   0.34124239   0.33827142   0.32048620
  0.13   0.34315116   0.33943270   0.31741614
  0.14   0.34529601   0.34073035   0.31397364
  0.15   0.34769856   0.34216407   0.31013736
  0.16   0.35035711   0.34373388   0.30590901
  0.17   0.35326915   0.34543812   0.30129273
  0.18   0.35644832   0.34726180   0.29628988
  0.19   0.35988797   0.34921223   0.29089981
  0.20   0.36358742   0.35127484   0.28513774
  0.21   0.36754591   0.35343326   0.27902083
  0.22   0.37176396   0.35569864   0.27253740
  0.23   0.37620988   0.35799383   0.26579629
  0.24   0.38089433   0.36034476   0.25876091
  0.25   0.38582332   0.36276608   0.25141060
  0.26   0.39099684   0.36525779   0.24374536
  0.27   0.39638909   0.36777573   0.23583518
  0.28   0.40196473   0.37025950   0.22777577
  0.29   0.40775104   0.37275570   0.21949326
  0.30   0.41374078   0.37525433   0.21100489
  0.31   0.41984901   0.37763728   0.20251371
  0.32   0.42612376   0.37997135   0.19390489
  0.33   0.43256505   0.38225654   0.18517840
  0.34   0.43910452   0.38441111   0.17648436
  0.35   0.44574605   0.38643969   0.16781426
  0.36   0.45249429   0.38834933   0.15915639
  0.37   0.45927712   0.39006595   0.15065693
  0.38   0.46612970   0.39162567   0.14224463
  0.39   0.47301867   0.39299907   0.13398226
  0.40   0.47991120   0.39415722   0.12593157
  0.41   0.48683051   0.39512059   0.11804890
  0.42   0.49372004   0.39584863   0.11043132
  0.43   0.50059126   0.39634956   0.10305919
  0.44   0.50744578   0.39662623   0.09592798
  0.45   0.51424746   0.39666201   0.08909053
  0.46   0.52099477   0.39645368   0.08255155
  0.47   0.52767599   0.39599474   0.07632927
  0.48   0.53429256   0.39529977   0.07040767
  0.49   0.54083531   0.39436636   0.06479833
  0.50   0.54729320   0.39318911   0.05951769
  0.51   0.55366449   0.39177499   0.05456052
  0.52   0.55995778   0.39014379   0.04989843
  0.53   0.56616084   0.38828952   0.04554964
  0.54   0.57226935   0.38621598   0.04151467
  0.55   0.57829969   0.38394753   0.03775278
  0.56   0.58424520   0.38148565   0.03426915
  0.57   0.59010442   0.37883695   0.03105863
  0.58   0.59588326   0.37601399   0.02810275
  0.59   0.60158945   0.37303063   0.02537992
  0.60   0.60722117   0.36989352   0.02288531
  0.61   0.61278102   0.36661249   0.02060649
  0.62   0.61827745   0.36319924   0.01852331
  0.63   0.62371128   0.35966303   0.01662569
  0.64   0.62908590   0.35601395   0.01490015
  0.65   0.63440459   0.35225944   0.01333597
  0.66   0.63967070   0.34840829   0.01192100
  0.67   0.64488764   0.34447098   0.01064139
  0.68   0.65005876   0.34045693   0.00948431
  0.69   0.65518547   0.33637127   0.00844325
  0.70   0.66027041   0.33222184   0.00750775
  0.71   0.66531678   0.32801777   0.00666545
  0.72   0.67032559   0.32376470   0.00590971
  0.73   0.67529753   0.31946789   0.00523458
  0.74   0.68023510   0.31513511   0.00462979
  0.75   0.68513775   0.31077005   0.00409220
  0.76   0.69000733   0.30637954   0.00361313
  0.77   0.69484443   0.30196880   0.00318676
  0.78   0.69964883   0.29754195   0.00280921
  0.79   0.70442164   0.29310487   0.00247349
  0.80   0.70916222   0.28866106   0.00217672
  0.81   0.71387073   0.28421512   0.00191415
  0.82   0.71854735   0.27977169   0.00168097
  0.83   0.72319088   0.27533353   0.00147559
  0.84   0.72780123   0.27090490   0.00129387
  0.85   0.73237738   0.26648846   0.00113416
  0.86   0.73691885   0.26208790   0.00099324
  0.87   0.74142458   0.25770576   0.00086966
  0.88   0.74589389   0.25334530   0.00076081
  0.89   0.75032570   0.24900887   0.00066544
  0.90   0.75471913   0.24469929   0.00058158
  0.91   0.75907315   0.24041873   0.00050813
  0.92   0.76338673   0.23616959   0.00044368
  0.93   0.76765889   0.23195401   0.00038710
  0.94   0.77188854   0.22777385   0.00033761
  0.95   0.77607460   0.22363102   0.00029438
  0.96   0.78021622   0.21952730   0.00025649
  0.97   0.78431232   0.21546428   0.00022340
  0.98   0.78836193   0.21144345   0.00019463
  0.99   0.79236423   0.20746627   0.00016949
  1.00   0.79631835   0.20353403   0.00014762
