  0.00   0.12500000   0.12500000   0.12500000   0.12500000   0.12500000   0.12500000   0.12500000   0.12500000
  0.01   0.12495296   0.12498235   0.12499969   0.12501163   0.12501788   0.12501851   0.12501364   0.12500334
  0.02   0.12474757   0.12490647   0.12499934   0.12506273   0.12509536   0.12509818   0.12507214   0.12501821
  0.03   0.12435281   0.12476265   0.12500040   0.12516133   0.12524308   0.12524908   0.12518282   0.12504784
  0.04   0.12374988   0.12454555   0.12500419   0.12531232   0.12546695   0.12547649   0.12534959   0.12509502
  0.05   0.12295021   0.12426015   0.12501146   0.12551300   0.12576200   0.12577480   0.12556838   0.12515999
  0.06   0.12195933   0.12390901   0.12502283   0.12576216   0.12612556   0.12614076   0.12583686   0.12524349
  0.07   0.12078469   0.12349495   0.12503858   0.12605810   0.12655454   0.12657083   0.12615246   0.12534586
  0.08   0.11943684   0.12302153   0.12505880   0.12639837   0.12704492   0.12706057   0.12651193   0.12546704
  0.09   0.11792673   0.12249211   0.12508334   0.12678049   0.12759277   0.12760573   0.12691211   0.12560674
  0.10   0.11626598   0.12191002   0.12511189   0.12720179   0.12819409   0.12820203   0.12734981   0.12576440
  0.11   0.11446665   0.12127847   0.12514395   0.12765955   0.12884495   0.12884534   0.12782188   0.12593922
  0.12   0.11254101   0.12060052   0.12517890   0.12815102   0.12954147   0.12953165   0.12832525   0.12613019
  0.13   0.11050138   0.11987913   0.12521604   0.12867344   0.13027990   0.13025710   0.12885692   0.12633609
  0.14   0.10835992   0.11911743   0.12525482   0.12922408   0.13105633   0.13101760   0.12941378   0.12655603
  0.15   0.10612846   0.11831793   0.12529433   0.12980035   0.13186745   0.13180986   0.12999318   0.12678843
  0.16   0.10381917   0.11748362   0.12533394   0.13039952   0.13270948   0.13262998   0.13059210   0.12703219
  0.17   0.10144309   0.11661695   0.12537286   0.13101915   0.13357924   0.13347478   0.13120803   0.12728590
  0.18   0.09901112   0.11572028   0.12541029   0.13165685   0.13447364   0.13434118   0.13183850   0.12754813
  0.19   0.09653437   0.11479621   0.12544554   0.13231013   0.13538941   0.13522587   0.13248090   0.12781757
  0.20   0.09402153   0.11384662   0.12547789   0.13297709   0.13632415   0.13612656   0.13313335   0.12809281
  0.21   0.09148379   0.11287405   0.12550662   0.13365524   0.13727461   0.13703995   0.13379325   0.12837250
  0.22   0.08892796   0.11188019   0.12553123   0.13434302   0.13823886   0.13796421   0.13445911   0.12865543
  0.23   0.08636412   0.11086734   0.12555101   0.13503820   0.13921399   0.13889647   0.13512862   0.12894025
  0.24   0.08379866   0.10983722   0.12556556   0.13573928   0.14019812   0.13983490   0.13580034   0.12922591
  0.25   0.08123876   0.10879168   0.12557443   0.13644461   0.14118913   0.14077748   0.13647264   0.12951127
  0.26   0.07869342   0.10773282   0.12557698   0.13715219   0.14218444   0.14172165   0.13714346   0.12979504
  0.27   0.07616637   0.10666202   0.12557308   0.13786103   0.14318281   0.14266628   0.13781192   0.13007648
  0.28   0.07366368   0.10558101   0.12556238   0.13856971   0.14418240   0.14360959   0.13847662   0.13035462
  0.29   0.07119294   0.10449168   0.12554436   0.13927650   0.14518098   0.14454943   0.13913581   0.13062830
  0.30   0.06875537   0.10339509   0.12551915   0.13998091   0.14617793   0.14548527   0.13978913   0.13089713
  0.31   0.06635623   0.10229285   0.12548648   0.14068170   0.14717161   0.14641556   0.14043534   0.13116024
  0.32   0.06400129   0.10118662   0.12544600   0.14137747   0.14816025   0.14733859   0.14107310   0.13141668
  0.33   0.06168999   0.10007719   0.12539802   0.14206812   0.14914365   0.14825427   0.14170238   0.13166637
  0.34   0.05942690   0.09896607   0.12534232   0.14275251   0.15012035   0.14916122   0.14232211   0.13190852
  0.35   0.05721599   0.09785468   0.12527875   0.14342963   0.15108902   0.15005820   0.14293131   0.13214243
  0.36   0.05505551   0.09674357   0.12520770   0.14409962   0.15204977   0.15094539   0.14353021   0.13236823
  0.37   0.05294936   0.09563417   0.12512902   0.14476147   0.15300129   0.15182158   0.14411787   0.13258523
  0.38   0.05089981   0.09452764   0.12504273   0.14541452   0.15394270   0.15268596   0.14469367   0.13279297
  0.39   0.04890431   0.09342430   0.12494926   0.14605909   0.15487432   0.15353893   0.14525803   0.13299175
  0.40   0.04696607   0.09232549   0.12484854   0.14669431   0.15579502   0.15437945   0.14581014   0.13318098
  0.41   0.04508643   0.09123220   0.12474066   0.14731971   0.15670415   0.15520693   0.14634958   0.13336035
  0.42   0.04326312   0.09014471   0.12462601   0.14793557   0.15760200   0.15602175   0.14687673   0.13353013
  0.43   0.04149711   0.08906393   0.12450470   0.14854149   0.15848801   0.15682341   0.14739124   0.13369010
  0.44   0.03978931   0.08799079   0.12437687   0.14913710   0.15936165   0.15761147   0.14789280   0.13384000
  0.45   0.03813812   0.08692560   0.12424282   0.14972256   0.16022308   0.15838612   0.14838166   0.13398004
  0.46   0.03654263   0.08586884   0.12410282   0.15029788   0.16107225   0.15914741   0.14885789   0.13411029
  0.47   0.03500331   0.08482133   0.12395701   0.15086278   0.16190875   0.15989498   0.14932126   0.13423058
  0.48   0.03351900   0.08378343   0.12380568   0.15141733   0.16273263   0.16062894   0.14977194   0.13434104
  0.49   0.03208783   0.08275529   0.12364910   0.15196180   0.16354418   0.16134962   0.15021024   0.13444194
  0.50   0.03070979   0.08173762   0.12348748   0.15249600   0.16434309   0.16205680   0.15063604   0.13453318
  0.51   0.02938381   0.08073078   0.12332106   0.15301999   0.16512941   0.16275057   0.15104948   0.13461489
  0.52   0.02810781   0.07973468   0.12315012   0.15353413   0.16590356   0.16343136   0.15145096   0.13468738
  0.53   0.02688127   0.07874991   0.12297488   0.15403834   0.16666537   0.16409910   0.15184046   0.13475066
  0.54   0.02570309   0.07777681   0.12279559   0.15453270   0.16741491   0.16475389   0.15221815   0.13480486
  0.55   0.02457126   0.07681511   0.12261247   0.15501759   0.16815264   0.16539621   0.15258442   0.13485031
  0.56   0.02348491   0.07586531   0.12242575   0.15549301   0.16887851   0.16602607   0.15293937   0.13488707
  0.57   0.02244281   0.07492764   0.12223568   0.15595909   0.16959264   0.16664364   0.15328318   0.13491532
  0.58   0.02144343   0.07400175   0.12204228   0.15641613   0.17029552   0.16724940   0.15361622   0.13493528
  0.59   0.02048541   0.07308764   0.12184567   0.15686431   0.17098739   0.16784366   0.15393878   0.13494715
  0.60   0.01956750   0.07218555   0.12164611   0.15730378   0.17166838   0.16842657   0.15425103   0.13495108
  0.61   0.01868831   0.07129562   0.12144390   0.15773472   0.17233864   0.16899832   0.15455319   0.13494730
  0.62   0.01784637   0.07041812   0.12123951   0.15815735   0.17299821   0.16955895   0.15484542   0.13493607
  0.63   0.01704037   0.06955307   0.12103308   0.15857184   0.17364735   0.17010877   0.15512797   0.13491755
  0.64   0.01626897   0.06870059   0.12082485   0.15897837   0.17428624   0.17064798   0.15540106   0.13489194
  0.65   0.01553117   0.06786016   0.12061471   0.15937719   0.17491530   0.17117701   0.15566503   0.13485943
  0.66   0.01482554   0.06703205   0.12040299   0.15976847   0.17553465   0.17169602   0.15592005   0.13482023
  0.67   0.01415077   0.06621626   0.12018990   0.16015241   0.17614451   0.17220525   0.15616638   0.13477452
  0.68   0.01350584   0.06541254   0.11997547   0.16052920   0.17674517   0.17270500   0.15640427   0.13472250
  0.69   0.01288956   0.06462081   0.11975984   0.16089906   0.17733690   0.17319554   0.15663395   0.13466435
  0.70   0.01230064   0.06384104   0.11954318   0.16126217   0.17791990   0.17367713   0.15685567   0.13460027
  0.71   0.01173796   0.06307321   0.11932568   0.16161873   0.17849439   0.17414996   0.15706963   0.13453044
  0.72   0.01120060   0.06231729   0.11910752   0.16196888   0.17906048   0.17461420   0.15727600   0.13445502
  0.73   0.01068740   0.06157322   0.11888886   0.16231283   0.17961843   0.17507008   0.15747500   0.13437419
  0.74   0.01019730   0.06084094   0.11866987   0.16265074   0.18016840   0.17551781   0.15766683   0.13428812
  0.75   0.00972943   0.06011966   0.11845017   0.16298288   0.18071099   0.17595796   0.15785190   0.13419702
  0.76   0.00928281   0.05940922   0.11822983   0.16330943   0.18124645   0.17639080   0.15803040   0.13410105
  0.77   0.00885654   0.05870928   0.11800884   0.16363060   0.18177510   0.17681663   0.15820262   0.13400040
  0.78   0.00844972   0.05801987   0.11778738   0.16394651   0.18229705   0.17723559   0.15836868   0.13389520
  0.79   0.00806152   0.05734147   0.11756596   0.16425724   0.18281214   0.17764754   0.15852857   0.13378555
  0.80   0.00769113   0.05667370   0.11734450   0.16456298   0.18332070   0.17805281   0.15868256   0.13367163
  0.81   0.00733777   0.05601655   0.11712317   0.16486385   0.18382282   0.17845151   0.15883076   0.13355356
  0.82   0.00700067   0.05536949   0.11690179   0.16516007   0.18431893   0.17884404   0.15897348   0.13343152
  0.83   0.00667912   0.05473254   0.11668055   0.16545174   0.18480910   0.17923050   0.15911082   0.13330562
  0.84   0.00637243   0.05410557   0.11645952   0.16573901   0.18529348   0.17961105   0.15924293   0.13317600
  0.85   0.00607993   0.05348840   0.11623875   0.16602202   0.18577227   0.17998587   0.15936998   0.13304277
  0.86   0.00580096   0.05288086   0.11601824   0.16630089   0.18624566   0.18035518   0.15949214   0.13290608
  0.87   0.00553492   0.05228276   0.11579806   0.16657577   0.18671382   0.18071912   0.15960954   0.13276602
  0.88   0.00528123   0.05169393   0.11557820   0.16684676   0.18717691   0.18107788   0.15972235   0.13262273
  0.89   0.00503931   0.05111426   0.11535876   0.16711399   0.18763509   0.18143160   0.15983068   0.13247631
  0.90   0.00480862   0.05054355   0.11513974   0.16737758   0.18808851   0.18178045   0.15993469   0.13232687
  0.91   0.00458865   0.04998163   0.11492114   0.16763764   0.18853733   0.18212458   0.16003450   0.13217452
  0.92   0.00437891   0.04942843   0.11470307   0.16789427   0.18898166   0.18246410   0.16013023   0.13201934
  0.93   0.00417890   0.04888384   0.11448558   0.16814755   0.18942160   0.18279913   0.16022197   0.13186143
  0.94   0.00398820   0.04834768   0.11426868   0.16839760   0.18985730   0.18312980   0.16030984   0.13170089
  0.95   0.00380639   0.04781983   0.11405240   0.16864451   0.19028887   0.18345624   0.16039396   0.13153780
  0.96   0.00363308   0.04730017   0.11383678   0.16888835   0.19071642   0.18377855   0.16047442   0.13137223
  0.97   0.00346779   0.04678827   0.11362166   0.16912929   0.19114025   0.18409701   0.16055142   0.13120433
  0.98   0.00331018   0.04628404   0.11340708   0.16936738   0.19156042   0.18441170   0.16062503   0.13103416
  0.99   0.00315990   0.04578729   0.11319303   0.16960274   0.19197709   0.18472276   0.16069539   0.13086181
  1.00   0.00301662   0.04529779   0.11297946   0.16983544   0.19239040   0.18503034   0.16076259   0.13068736
