  0.00   0.12500000   0.12500000   0.12500000   0.12500000   0.12500000   0.12500000   0.12500000   0.12500000
  0.01   0.12423532   0.12472520   0.12506753   0.12527145   0.12534671   0.12530303   0.12515078   0.12489998
  0.02   0.12138186   0.12370388   0.12529663   0.12622164   0.12655187   0.12636389   0.12573651   0.12474372
  0.03   0.11672769   0.12203179   0.12563957   0.12769755   0.12841260   0.12801175   0.12672374   0.12475531
  0.04   0.11085822   0.11989790   0.12604066   0.12949974   0.13067411   0.13002346   0.12800193   0.12500398
  0.05   0.10429748   0.11746727   0.12645944   0.13147795   0.13314855   0.13223071   0.12946146   0.12545713
  0.06   0.09745883   0.11487051   0.12686779   0.13352347   0.13570203   0.13451178   0.13101096   0.12605462
  0.07   0.09063362   0.11220229   0.12724853   0.13556479   0.13824787   0.13678660   0.13258242   0.12673389
  0.08   0.08401291   0.10952825   0.12759198   0.13755695   0.14073250   0.13900501   0.13412874   0.12744366
  0.09   0.07771752   0.10689365   0.12789324   0.13947223   0.14312348   0.14113617   0.13561834   0.12814538
  0.10   0.07181122   0.10432473   0.12815006   0.14129712   0.14540618   0.14316557   0.13703294   0.12881219
  0.11   0.06632222   0.10184126   0.12836415   0.14302461   0.14757247   0.14508525   0.13836212   0.12942791
  0.12   0.06125240   0.09944855   0.12853609   0.14465550   0.14962488   0.14689683   0.13960303   0.12998271
  0.13   0.05659199   0.09715447   0.12866965   0.14619101   0.15156486   0.14860149   0.14075467   0.13047187
  0.14   0.05231979   0.09495789   0.12876724   0.14763635   0.15339942   0.15020542   0.14181998   0.13089391
  0.15   0.04841302   0.09285935   0.12883218   0.14899615   0.15513432   0.15171382   0.14280207   0.13124910
  0.16   0.04484065   0.09085020   0.12886588   0.15027853   0.15678032   0.15313640   0.14370756   0.13154047
  0.17   0.04157340   0.08892404   0.12887044   0.15149046   0.15834621   0.15448122   0.14454248   0.13177175
  0.18   0.03858510   0.08707675   0.12884839   0.15263760   0.15983884   0.15575468   0.14531195   0.13194667
  0.19   0.03585053   0.08530329   0.12880184   0.15372561   0.16126509   0.15696321   0.14602122   0.13206921
  0.20   0.03334593   0.08359832   0.12873260   0.15475989   0.16263153   0.15811294   0.14667538   0.13214342
  0.21   0.03104927   0.08195645   0.12864227   0.15574548   0.16394427   0.15920962   0.14727932   0.13217331
  0.22   0.02893877   0.08037064   0.12853194   0.15668774   0.16520992   0.16025944   0.14783828   0.13216327
  0.23   0.02700304   0.07884392   0.12840427   0.15758787   0.16642935   0.16126339   0.14835348   0.13211468
  0.24   0.02521999   0.07736536   0.12825928   0.15845212   0.16761050   0.16222886   0.14883116   0.13203273
  0.25   0.02357564   0.07593182   0.12809819   0.15928355   0.16875691   0.16315924   0.14927440   0.13192026
  0.26   0.02205926   0.07454276   0.12792252   0.16008403   0.16987060   0.16405652   0.14968516   0.13177916
  0.27   0.02065989   0.07319572   0.12773322   0.16085595   0.17095432   0.16492334   0.15006586   0.13161171
  0.28   0.01936595   0.07188668   0.12753094   0.16160212   0.17201143   0.16576292   0.15041942   0.13142054
  0.29   0.01816682   0.07061180   0.12731630   0.16232517   0.17304503   0.16657821   0.15074855   0.13120813
  0.30   0.01705430   0.06936907   0.12709008   0.16302688   0.17405714   0.16737117   0.15105510   0.13097625
  0.31   0.01602027   0.06815569   0.12685282   0.16370923   0.17505005   0.16814401   0.15134113   0.13072681
  0.32   0.01506001   0.06697224   0.12660544   0.16437281   0.17602432   0.16889732   0.15160730   0.13046056
  0.33   0.01416666   0.06581638   0.12634846   0.16501929   0.17698183   0.16963292   0.15185534   0.13017912
  0.34   0.01333484   0.06468663   0.12608239   0.16564986   0.17792394   0.17035214   0.15208650   0.12988371
  0.35   0.01255974   0.06358196   0.12580777   0.16626552   0.17885174   0.17105605   0.15230186   0.12957537
  0.36   0.01183661   0.06250077   0.12552501   0.16686741   0.17976652   0.17174589   0.15250258   0.12925521
  0.37   0.01116053   0.06144102   0.12523447   0.16745678   0.18066971   0.17242305   0.15268998   0.12892446
  0.38   0.01052814   0.06040210   0.12493661   0.16803429   0.18156201   0.17308825   0.15286477   0.12858384
  0.39   0.00993623   0.05938331   0.12463185   0.16860062   0.18244413   0.17374217   0.15302765   0.12823404
  0.40   0.00938181   0.05838390   0.12432056   0.16915641   0.18331677   0.17438551   0.15317931   0.12787573
  0.41   0.00886192   0.05740292   0.12400308   0.16970235   0.18418066   0.17501900   0.15332045   0.12750962
  0.42   0.00837396   0.05643962   0.12367975   0.17023900   0.18503643   0.17564324   0.15345170   0.12713629
  0.43   0.00791622   0.05549399   0.12335086   0.17076665   0.18588435   0.17625852   0.15357335   0.12675607
  0.44   0.00748626   0.05456519   0.12301671   0.17128585   0.18672501   0.17686543   0.15368599   0.12636955
  0.45   0.00708216   0.05365271   0.12267758   0.17179703   0.18755888   0.17746442   0.15379007   0.12597716
  0.46   0.00670226   0.05275616   0.12233370   0.17230053   0.18838629   0.17805584   0.15388595   0.12557927
  0.47   0.00634472   0.05187490   0.12198534   0.17279678   0.18920771   0.17864014   0.15397409   0.12517632
  0.48   0.00600802   0.05100853   0.12163273   0.17328611   0.19002347   0.17921766   0.15405482   0.12476866
  0.49   0.00569065   0.05015652   0.12127610   0.17376885   0.19083395   0.17978876   0.15412852   0.12435664
  0.50   0.00539146   0.04931865   0.12091565   0.17424525   0.19163936   0.18035368   0.15419544   0.12394051
  0.51   0.00510928   0.04849459   0.12055158   0.17471555   0.19243996   0.18091266   0.15425583   0.12352056
  0.52   0.00484298   0.04768398   0.12018406   0.17517999   0.19323601   0.18146598   0.15430996   0.12309704
  0.53   0.00459158   0.04688656   0.11981328   0.17563878   0.19402772   0.18201383   0.15435807   0.12267018
  0.54   0.00435411   0.04610200   0.11943941   0.17609215   0.19481530   0.18255644   0.15440038   0.12224021
  0.55   0.00412965   0.04533002   0.11906261   0.17654029   0.19559897   0.18309401   0.15443710   0.12180736
  0.56   0.00391755   0.04457051   0.11868303   0.17698331   0.19637881   0.18362666   0.15446836   0.12137176
  0.57   0.00371712   0.04382328   0.11830081   0.17742135   0.19715498   0.18415452   0.15449434   0.12093359
  0.58   0.00352755   0.04308802   0.11791609   0.17785461   0.19792766   0.18467779   0.15451522   0.12049305
  0.59   0.00334817   0.04236452   0.11752901   0.17828322   0.19869700   0.18519662   0.15453117   0.12005028
  0.60   0.00317849   0.04165263   0.11713968   0.17870729   0.19946308   0.18571109   0.15454230   0.11960543
  0.61   0.00301786   0.04095208   0.11674824   0.17912696   0.20022606   0.18622137   0.15454878   0.11915865
  0.62   0.00286572   0.04026268   0.11635479   0.17954236   0.20098606   0.18672758   0.15455074   0.11871008
  0.63   0.00272161   0.03958422   0.11595944   0.17995359   0.20174318   0.18722982   0.15454830   0.11825985
  0.64   0.00258500   0.03891649   0.11556231   0.18036077   0.20249754   0.18772822   0.15454159   0.11780808
  0.65   0.00245551   0.03825937   0.11516349   0.18076399   0.20324922   0.18822284   0.15453071   0.11735488
  0.66   0.00233278   0.03761271   0.11476306   0.18116331   0.20399827   0.18871377   0.15451575   0.11690035
  0.67   0.00221646   0.03697640   0.11436114   0.18155881   0.20474476   0.18920107   0.15449679   0.11644458
  0.68   0.00210612   0.03635019   0.11395780   0.18195059   0.20548881   0.18968485   0.15447395   0.11598768
  0.69   0.00200146   0.03573397   0.11355312   0.18233872   0.20623047   0.19016518   0.15444732   0.11552975
  0.70   0.00190215   0.03512759   0.11314720   0.18272328   0.20696981   0.19064212   0.15441698   0.11507086
  0.71   0.00180795   0.03453090   0.11274011   0.18310431   0.20770688   0.19111574   0.15438300   0.11461111
  0.72   0.00171855   0.03394375   0.11233191   0.18348190   0.20844174   0.19158611   0.15434547   0.11415056
  0.73   0.00163369   0.03336600   0.11192269   0.18385610   0.20917446   0.19205327   0.15430446   0.11368931
  0.74   0.00155314   0.03279751   0.11151251   0.18422698   0.20990509   0.19251730   0.15426004   0.11322742
  0.75   0.00147666   0.03223814   0.11110144   0.18459458   0.21063367   0.19297825   0.15421229   0.11276497
  0.76   0.00140403   0.03168776   0.11068955   0.18495897   0.21136026   0.19343617   0.15416126   0.11230202
  0.77   0.00133505   0.03114622   0.11027689   0.18532018   0.21208490   0.19389110   0.15410702   0.11183864
  0.78   0.00126953   0.03061341   0.10986352   0.18567828   0.21280764   0.19434310   0.15404964   0.11137489
  0.79   0.00120729   0.03008919   0.10944951   0.18603330   0.21352851   0.19479220   0.15398916   0.11091083
  0.80   0.00114817   0.02957345   0.10903490   0.18638529   0.21424755   0.19523846   0.15392566   0.11044652
  0.81   0.00109199   0.02906605   0.10861976   0.18673430   0.21496480   0.19568191   0.15385917   0.10998201
  0.82   0.00103861   0.02856688   0.10820414   0.18708035   0.21568029   0.19612259   0.15378977   0.10951737
  0.83   0.00098787   0.02807580   0.10778808   0.18742351   0.21639407   0.19656054   0.15371749   0.10905263
  0.84   0.00093965   0.02759270   0.10737164   0.18776379   0.21710616   0.19699581   0.15364239   0.10858786
  0.85   0.00089380   0.02711746   0.10695486   0.18810125   0.21781659   0.19742841   0.15356453   0.10812310
  0.86   0.00085022   0.02664998   0.10653778   0.18843591   0.21852540   0.19785839   0.15348393   0.10765840
  0.87   0.00080880   0.02619013   0.10612046   0.18876780   0.21923260   0.19828577   0.15340065   0.10719379
  0.88   0.00076942   0.02573780   0.10570293   0.18909696   0.21993823   0.19871059   0.15331473   0.10672933
  0.89   0.00073199   0.02529289   0.10528523   0.18942342   0.22064231   0.19913288   0.15322622   0.10626506
  0.90   0.00069639   0.02485528   0.10486741   0.18974722   0.22134487   0.19955266   0.15313516   0.10580101
  0.91   0.00066254   0.02442485   0.10444951   0.19006837   0.22204593   0.19996997   0.15304159   0.10533724
  0.92   0.00063034   0.02400150   0.10403156   0.19038692   0.22274552   0.20038484   0.15294555   0.10487377
  0.93   0.00059972   0.02358513   0.10361360   0.19070289   0.22344366   0.20079728   0.15284708   0.10441065
  0.94   0.00057060   0.02317563   0.10319566   0.19101629   0.22414037   0.20120733   0.15274621   0.10394790
  0.95   0.00054291   0.02277290   0.10277778   0.19132718   0.22483566   0.20161501   0.15264299   0.10348557
  0.96   0.00051657   0.02237684   0.10236000   0.19163555   0.22552957   0.20202033   0.15253745   0.10302369
  0.97   0.00049151   0.02198733   0.10194235   0.19194145   0.22622211   0.20242334   0.15242962   0.10256229
  0.98   0.00046767   0.02160430   0.10152486   0.19224490   0.22691329   0.20282404   0.15231955   0.10210140
  0.99   0.00044500   0.02122762   0.10110755   0.19254591   0.22760314   0.20322246   0.15220725   0.10164105
  1.00   0.00042342   0.02085722   0.10069047   0.19284452   0.22829168   0.20361862   0.15209278   0.10118128
