  0.00   0.12500000   0.12500000   0.12500000   0.12500000   0.12500000   0.12500000   0.12500000   0.12500000
  0.01   0.12498937   0.12499288   0.12499615   0.12499919   0.12500199   0.12500455   0.12500688   0.12500898
  0.02   0.12492604   0.12495056   0.12497337   0.12499448   0.12501391   0.12503167   0.12504776   0.12506221
  0.03   0.12477404   0.12484920   0.12491901   0.12498350   0.12504272   0.12509672   0.12514555   0.12518926
  0.04   0.12451202   0.12467479   0.12482573   0.12496498   0.12509264   0.12520883   0.12531369   0.12540732
  0.05   0.12411423   0.12441032   0.12468463   0.12493737   0.12516876   0.12537903   0.12556844   0.12573723
  0.06   0.12356978   0.12404855   0.12449185   0.12489997   0.12527324   0.12561204   0.12591675   0.12618782
  0.07   0.12287740   0.12358838   0.12424664   0.12485248   0.12540628   0.12590852   0.12635974   0.12676055
  0.08   0.12201503   0.12301481   0.12394079   0.12479310   0.12557205   0.12627810   0.12691190   0.12747421
  0.09   0.12097717   0.12232348   0.12357148   0.12472078   0.12577134   0.12672343   0.12757760   0.12833471
  0.10   0.11976967   0.12151721   0.12313939   0.12463479   0.12600255   0.12724237   0.12835446   0.12933955
  0.11   0.11839084   0.12059361   0.12264231   0.12453369   0.12626543   0.12783611   0.12924516   0.13049285
  0.12   0.11685064   0.11955770   0.12208165   0.12441639   0.12655725   0.12850091   0.13024541   0.13179005
  0.13   0.11514481   0.11840492   0.12145366   0.12428077   0.12687801   0.12923921   0.13136014   0.13323848
  0.14   0.11326871   0.11713009   0.12075397   0.12412422   0.12722760   0.13005372   0.13259501   0.13484667
  0.15   0.11121797   0.11572805   0.11997804   0.12394397   0.12760572   0.13094709   0.13395578   0.13662338
  0.16   0.10902123   0.11421526   0.11913253   0.12373893   0.12800534   0.13190779   0.13542760   0.13855132
  0.17   0.10668195   0.11259142   0.11821516   0.12350634   0.12842434   0.13293517   0.13701173   0.14063388
  0.18   0.10421248   0.11086202   0.11722657   0.12324377   0.12885870   0.13402474   0.13870402   0.14286769
  0.19   0.10162002   0.10902915   0.11616558   0.12294841   0.12930537   0.13517421   0.14050360   0.14525365
  0.20   0.09891553   0.10709741   0.11503228   0.12261760   0.12976043   0.13637961   0.14240730   0.14778984
  0.21   0.09610954   0.10507115   0.11382662   0.12224860   0.13021999   0.13763712   0.14441219   0.15047479
  0.22   0.09321442   0.10295609   0.11254930   0.12183882   0.13067973   0.13894201   0.14651415   0.15330548
  0.23   0.09024244   0.10075818   0.11120129   0.12138583   0.13113539   0.14028949   0.14870878   0.15627861
  0.24   0.08720724   0.09848416   0.10978387   0.12088712   0.13158228   0.14167413   0.15099104   0.15939016
  0.25   0.08412083   0.09614032   0.10829847   0.12034055   0.13201618   0.14309096   0.15335625   0.16263644
  0.26   0.08099677   0.09373393   0.10674696   0.11974397   0.13243245   0.14453430   0.15579885   0.16601276
  0.27   0.07784810   0.09127237   0.10513155   0.11909558   0.13282667   0.14599852   0.15831311   0.16951410
  0.28   0.07468690   0.08876293   0.10345479   0.11839398   0.13319476   0.14747811   0.16089329   0.17313525
  0.29   0.07152624   0.08621358   0.10171956   0.11763777   0.13353233   0.14896713   0.16353304   0.17687034
  0.30   0.06837735   0.08363190   0.09992916   0.11682634   0.13383575   0.15046010   0.16622616   0.18071324
  0.31   0.06525235   0.08102609   0.09808719   0.11595899   0.13410107   0.15195108   0.16896591   0.18465733
  0.32   0.06216151   0.07840370   0.09619742   0.11503568   0.13432508   0.15343473   0.17174590   0.18869599
  0.33   0.05911516   0.07577269   0.09426405   0.11405660   0.13450458   0.15490552   0.17455934   0.19282206
  0.34   0.05612275   0.07314073   0.09229144   0.11302232   0.13463677   0.15635817   0.17739954   0.19702829
  0.35   0.05319259   0.07051508   0.09028403   0.11193379   0.13471929   0.15778781   0.18026001   0.20130740
  0.36   0.05033262   0.06790311   0.08824662   0.11079229   0.13474999   0.15918953   0.18313408   0.20565176
  0.37   0.04754871   0.06531074   0.08618350   0.10959945   0.13472760   0.16055954   0.18601604   0.21005442
  0.38   0.04484751   0.06274529   0.08410002   0.10835729   0.13465053   0.16189316   0.18889904   0.21450717
  0.39   0.04223434   0.06021335   0.08200145   0.10706816   0.13451774   0.16318631   0.19177665   0.21900201
  0.40   0.03971330   0.05772021   0.07989232   0.10573441   0.13432875   0.16443577   0.19464342   0.22353182
  0.41   0.03728758   0.05527068   0.07777707   0.10435858   0.13408348   0.16563874   0.19749422   0.22808964
  0.42   0.03496009   0.05287057   0.07566136   0.10294404   0.13378195   0.16679191   0.20032291   0.23266718
  0.43   0.03273269   0.05052480   0.07355046   0.10149422   0.13342465   0.16789258   0.20312396   0.23725664
  0.44   0.03060633   0.04823573   0.07144728   0.10001149   0.13301244   0.16893961   0.20589419   0.24185293
  0.45   0.02858121   0.04600732   0.06935690   0.09849969   0.13254653   0.16993108   0.20862868   0.24644858
  0.46   0.02665669   0.04384283   0.06728405   0.09696275   0.13202848   0.17086558   0.21132306   0.25103657
  0.47   0.02483169   0.04174469   0.06523278   0.09540431   0.13146005   0.17174221   0.21397365   0.25561062
  0.48   0.02310595   0.03971407   0.06320529   0.09382666   0.13084258   0.17256068   0.21657822   0.26016655
  0.49   0.02147636   0.03775271   0.06120594   0.09223426   0.13017871   0.17332077   0.21913337   0.26469788
  0.50   0.01993985   0.03586148   0.05923810   0.09063096   0.12947105   0.17402272   0.22163656   0.26919927
  0.51   0.01849463   0.03404109   0.05730422   0.08901963   0.12872158   0.17466675   0.22408576   0.27366633
  0.52   0.01713864   0.03229183   0.05540641   0.08740305   0.12793242   0.17525332   0.22647928   0.27809505
  0.53   0.01586719   0.03061312   0.05354729   0.08578511   0.12710684   0.17578373   0.22881570   0.28248102
  0.54   0.01467607   0.02900414   0.05172887   0.08416919   0.12624788   0.17625937   0.23109399   0.28682049
  0.55   0.01356441   0.02746522   0.04995254   0.08255710   0.12535698   0.17668057   0.23331286   0.29111032
  0.56   0.01252748   0.02599478   0.04821974   0.08095201   0.12443739   0.17704922   0.23547196   0.29534743
  0.57   0.01156093   0.02459115   0.04653154   0.07935674   0.12349213   0.17736721   0.23757114   0.29952916
  0.58   0.01066085   0.02325273   0.04488882   0.07777377   0.12252398   0.17763638   0.23961036   0.30365311
  0.59   0.00982505   0.02197885   0.04329246   0.07620496   0.12153486   0.17785778   0.24158916   0.30771688
  0.60   0.00904934   0.02076722   0.04174266   0.07465246   0.12052763   0.17803367   0.24350817   0.31171885
  0.61   0.00833041   0.01961594   0.04023952   0.07311802   0.11950469   0.17816599   0.24536790   0.31565753
  0.62   0.00766505   0.01852303   0.03878296   0.07160320   0.11846835   0.17825668   0.24716903   0.31953169
  0.63   0.00704905   0.01748649   0.03737333   0.07011007   0.11742126   0.17830781   0.24891213   0.32333984
  0.64   0.00647984   0.01650428   0.03601004   0.06863960   0.11636536   0.17832132   0.25059820   0.32708137
  0.65   0.00595455   0.01557434   0.03469259   0.06719287   0.11530263   0.17829914   0.25222823   0.33075564
  0.66   0.00547058   0.01469470   0.03342034   0.06577074   0.11423489   0.17824317   0.25380329   0.33436228
  0.67   0.00502403   0.01386281   0.03219288   0.06437468   0.11316459   0.17815573   0.25532459   0.33790069
  0.68   0.00461281   0.01307679   0.03100932   0.06300513   0.11209321   0.17803856   0.25679332   0.34137086
  0.69   0.00423454   0.01233467   0.02986881   0.06166266   0.11102232   0.17789349   0.25821073   0.34477277
  0.70   0.00388703   0.01163453   0.02877046   0.06034767   0.10995336   0.17772229   0.25957809   0.34810656
  0.71   0.00356745   0.01097398   0.02771325   0.05906080   0.10888813   0.17752705   0.26089690   0.35137244
  0.72   0.00327381   0.01035113   0.02669618   0.05780228   0.10782791   0.17730946   0.26216849   0.35457075
  0.73   0.00300424   0.00976420   0.02571823   0.05657226   0.10677387   0.17707113   0.26339418   0.35770190
  0.74   0.00275695   0.00921142   0.02477835   0.05537085   0.10572712   0.17681364   0.26457530   0.36076636
  0.75   0.00253003   0.00869081   0.02387534   0.05419807   0.10468884   0.17653873   0.26571338   0.36376480
  0.76   0.00232181   0.00820057   0.02300803   0.05305389   0.10366003   0.17624793   0.26680983   0.36669790
  0.77   0.00213088   0.00773916   0.02217537   0.05193819   0.10264154   0.17594263   0.26786593   0.36956631
  0.78   0.00195588   0.00730504   0.02137626   0.05085079   0.10163413   0.17562416   0.26888301   0.37237074
  0.79   0.00179546   0.00689660   0.02060949   0.04979143   0.10063857   0.17529391   0.26986245   0.37511209
  0.80   0.00164836   0.00651227   0.01987386   0.04875979   0.09965555   0.17495323   0.27080568   0.37779126
  0.81   0.00151358   0.00615078   0.01916833   0.04775557   0.09868558   0.17460321   0.27171388   0.38040907
  0.82   0.00139012   0.00581084   0.01849183   0.04677839   0.09772917   0.17424497   0.27258829   0.38296639
  0.83   0.00127705   0.00549117   0.01784324   0.04582782   0.09678676   0.17387959   0.27343016   0.38546420
  0.84   0.00117341   0.00519046   0.01722140   0.04490340   0.09585877   0.17350818   0.27424081   0.38790356
  0.85   0.00107848   0.00490767   0.01662535   0.04400468   0.09494550   0.17313162   0.27502133   0.39028536
  0.86   0.00099155   0.00464178   0.01605409   0.04313118   0.09404720   0.17275078   0.27577284   0.39261059
  0.87   0.00091196   0.00439177   0.01550663   0.04228238   0.09316408   0.17236650   0.27649645   0.39488023
  0.88   0.00083905   0.00415657   0.01498191   0.04145773   0.09229637   0.17197965   0.27719333   0.39709540
  0.89   0.00077226   0.00393537   0.01447906   0.04065673   0.09144416   0.17159091   0.27786445   0.39925706
  0.90   0.00071106   0.00372731   0.01399720   0.03987885   0.09060757   0.17120098   0.27851082   0.40136620
  0.91   0.00065496   0.00353163   0.01353548   0.03912356   0.08978666   0.17081049   0.27913340   0.40342383
  0.92   0.00060360   0.00334747   0.01309292   0.03839022   0.08898143   0.17042008   0.27973321   0.40543106
  0.93   0.00055652   0.00317419   0.01266879   0.03767835   0.08819190   0.17003029   0.28031112   0.40738884
  0.94   0.00051334   0.00301111   0.01226231   0.03698741   0.08741804   0.16964163   0.28086798   0.40929817
  0.95   0.00047367   0.00285760   0.01187277   0.03631690   0.08665983   0.16925458   0.28140463   0.41116002
  0.96   0.00043728   0.00271308   0.01149937   0.03566621   0.08591715   0.16886958   0.28192191   0.41297542
  0.97   0.00040392   0.00257698   0.01114139   0.03503477   0.08518989   0.16848704   0.28242063   0.41474539
  0.98   0.00037327   0.00244878   0.01079820   0.03442212   0.08447796   0.16810734   0.28290149   0.41647084
  0.99   0.00034510   0.00232800   0.01046918   0.03382774   0.08378124   0.16773081   0.28336521   0.41815272
  1.00   0.00031916   0.00221417   0.01015373   0.03325115   0.08309960   0.16735778   0.28381247   0.41979195
