  0.00   0.33333333   0.33333333   0.33333333
  0.01   0.33333305   0.33333337   0.33333358
  0.02   0.33333129   0.33333360   0.33333511
  0.03   0.33332666   0.33333429   0.33333905
  0.04   0.33331825   0.33333567   0.33334608
  0.05   0.33330473   0.33333809   0.33335718
  0.06   0.33328501   0.33334193   0.33337306
  0.07   0.33325806   0.33334756   0.33339438
  0.08   0.33322377   0.33335518   0.33342105
  0.09   0.33318105   0.33336524   0.33345371
  0.10   0.33312858   0.33337830   0.33349312
  0.11   0.33306583   0.33339476   0.33353941
  0.12   0.33299206   0.33341508   0.33359286
  0.13   0.33290671   0.33343971   0.33365358
  0.14   0.33280896   0.33346926   0.33372178
  0.15   0.33269818   0.33350416   0.33379766
  0.16   0.33257385   0.33354483   0.33388132
  0.17   0.33243716   0.33359107   0.33397177
  0.18   0.33228716   0.33364347   0.33406937
  0.19   0.33212352   0.33370240   0.33417408
  0.20   0.33194459   0.33376899   0.33428642
  0.21   0.33175034   0.33384344   0.33440622
  0.22   0.33154024   0.33392625   0.33453351
  0.23   0.33131470   0.33401765   0.33466765
  0.24   0.33107303   0.33411818   0.33480879
  0.25   0.33081491   0.33422828   0.33495681
  0.26   0.33054059   0.33434816   0.33511126
  0.27   0.33024963   0.33447828   0.33527208
  0.28   0.32994184   0.33461905   0.33543911
  0.29   0.32961698   0.33477091   0.33561211
  0.30   0.32927484   0.33493422   0.33579094
  0.31   0.32891521   0.33510938   0.33597540
  0.32   0.32853788   0.33529679   0.33616533
  0.33   0.32814264   0.33549683   0.33636053
  0.34   0.32773000   0.33570937   0.33656063
  0.35   0.32730086   0.33593396   0.33676518
  0.36   0.32685430   0.33617154   0.33697416
  0.37   0.32639025   0.33642239   0.33718737
  0.38   0.32590866   0.33668677   0.33740457
  0.39   0.32540948   0.33696497   0.33762555
  0.40   0.32489296   0.33725684   0.33785020
  0.41   0.32435902   0.33756268   0.33807831
  0.42   0.32380756   0.33788282   0.33830962
  0.43   0.32323857   0.33821751   0.33854392
  0.44   0.32265201   0.33856697   0.33878101
  0.45   0.32204798   0.33893132   0.33902070
  0.46   0.32142800   0.33930906   0.33926294
  0.47   0.32079124   0.33970132   0.33950744
  0.48   0.32013779   0.34010820   0.33975401
  0.49   0.31946777   0.34052979   0.34000244
  0.50   0.31878126   0.34096619   0.34025255
  0.51   0.31807765   0.34141804   0.34050431
  0.52   0.31735612   0.34188612   0.34075776
  0.53   0.31661739   0.34237006   0.34101255
  0.54   0.31586142   0.34287006   0.34126852
  0.55   0.31508817   0.34338633   0.34152550
  0.56   0.31429759   0.34391906   0.34178335
  0.57   0.31349108   0.34446687   0.34204205
  0.58   0.31266809   0.34503054   0.34230137
  0.59   0.31182824   0.34561062   0.34256114
  0.60   0.31097154   0.34620726   0.34282120
  0.61   0.31009801   0.34682059   0.34308140
  0.62   0.30920765   0.34745078   0.34334157
  0.63   0.30830047   0.34809796   0.34360157
  0.64   0.30737648   0.34876228   0.34386124
  0.65   0.30643569   0.34944389   0.34412042
  0.66   0.30547811   0.35014292   0.34437897
  0.67   0.30450790   0.35085467   0.34463743
  0.68   0.30352273   0.35158203   0.34489524
  0.69   0.30252229   0.35232551   0.34515220
  0.70   0.30150670   0.35308512   0.34540818
  0.71   0.30047611   0.35386085   0.34566304
  0.72   0.29943064   0.35465270   0.34591666
  0.73   0.29837044   0.35546068   0.34616889
  0.74   0.29729563   0.35628477   0.34641960
  0.75   0.29620636   0.35712498   0.34666866
  0.76   0.29510276   0.35798129   0.34691595
  0.77   0.29398548   0.35885201   0.34716250
  0.78   0.29285429   0.35973835   0.34740735
  0.79   0.29170935   0.36064026   0.34765039
  0.80   0.29055079   0.36155769   0.34789152
  0.81   0.28937876   0.36249059   0.34813064
  0.82   0.28819343   0.36343892   0.34836765
  0.83   0.28699493   0.36440263   0.34860244
  0.84   0.28578341   0.36538167   0.34883492
  0.85   0.28455903   0.36637599   0.34906498
  0.86   0.28332199   0.36738540   0.34929260
  0.87   0.28207290   0.36840884   0.34951826
  0.88   0.28081155   0.36944704   0.34974140
  0.89   0.27953812   0.37049993   0.34996195
  0.90   0.27825275   0.37156744   0.35017982
  0.91   0.27695562   0.37264946   0.35039492
  0.92   0.27564688   0.37374594   0.35060718
  0.93   0.27432672   0.37485678   0.35081651
  0.94   0.27299527   0.37598190   0.35102283
  0.95   0.27165272   0.37712122   0.35122606
  0.96   0.27029930   0.37827457   0.35142613
  0.97   0.26893542   0.37944150   0.35162308
  0.98   0.26756117   0.38062206   0.35181677
  0.99   0.26617674   0.38181612   0.35200714
  1.00   0.26478235   0.38302353   0.35219412
