  0.00   0.33333333   0.33333333   0.33333333
  0.01   0.33342718   0.33341408   0.33315874
  0.02   0.33381907   0.33375413   0.33242680
  0.03   0.33455735   0.33440002   0.33104262
  0.04   0.33564740   0.33536039   0.32899221
  0.05   0.33706042   0.33661362   0.32632595
  0.06   0.33877182   0.33814188   0.32308630
  0.07   0.34076486   0.33993255   0.31930259
  0.08   0.34300872   0.34196181   0.31502947
  0.09   0.34548544   0.34421543   0.31029913
  0.10   0.34817108   0.34667455   0.30515437
  0.11   0.35103375   0.34931392   0.29965233
  0.12   0.35402913   0.35209856   0.29387231
  0.13   0.35716166   0.35503199   0.28780636
  0.14   0.36041949   0.35810493   0.28147558
  0.15   0.36374101   0.36126900   0.27498999
  0.16   0.36715831   0.36454939   0.26829230
  0.17   0.37060614   0.36789552   0.26149834
  0.18   0.37408684   0.37130919   0.25460397
  0.19   0.37759568   0.37478703   0.24761729
  0.20   0.38107577   0.37828585   0.24063838
  0.21   0.38455622   0.38182776   0.23361602
  0.22   0.38800855   0.38539239   0.22659906
  0.23   0.39141096   0.38896331   0.21962573
  0.24   0.39475261   0.39253224   0.21271515
  0.25   0.39801820   0.39608779   0.20589401
  0.26   0.40120786   0.39963198   0.19916016
  0.27   0.40431351   0.40315970   0.19252679
  0.28   0.40731707   0.40665715   0.18602578
  0.29   0.41020669   0.41011592   0.17967739
  0.30   0.41298587   0.41354020   0.17347393
  0.31   0.41565877   0.41693473   0.16740650
  0.32   0.41820755   0.42028618   0.16150626
  0.33   0.42062486   0.42358986   0.15578528
  0.34   0.42291298   0.42684845   0.15023857
  0.35   0.42508399   0.43007208   0.14484393
  0.36   0.42712339   0.43325060   0.13962601
  0.37   0.42902783   0.43638234   0.13458983
  0.38   0.43079817   0.43946861   0.12973322
  0.39   0.43244811   0.44251957   0.12503232
  0.40   0.43396810   0.44552928   0.12050262
  0.41   0.43535760   0.44849804   0.11614436
  0.42   0.43661874   0.45142826   0.11195300
  0.43   0.43777469   0.45433779   0.10788752
  0.44   0.43880835   0.45721262   0.10397903
  0.45   0.43971971   0.46005276   0.10022753
  0.46   0.44050878   0.46285820   0.09663303
  0.47   0.44117555   0.46562894   0.09319552
  0.48   0.44172852   0.46837148   0.08990000
  0.49   0.44218472   0.47109884   0.08671644
  0.50   0.44252980   0.47380006   0.08367014
  0.51   0.44276378   0.47647513   0.08076109
  0.52   0.44288665   0.47912407   0.07798929
  0.53   0.44292646   0.48176458   0.07530895
  0.54   0.44287044   0.48438861   0.07274095
  0.55   0.44271535   0.48699410   0.07029055
  0.56   0.44246120   0.48958106   0.06795775
  0.57   0.44212104   0.49215653   0.06572243
  0.58   0.44170780   0.49472750   0.06356470
  0.59   0.44120788   0.49728662   0.06150550
  0.60   0.44062127   0.49983389   0.05954484
  0.61   0.43994797   0.50236931   0.05768272
  0.62   0.43921998   0.50490715   0.05587288
  0.63   0.43841747   0.50743856   0.05414397
  0.64   0.43754018   0.50996343   0.05249639
  0.65   0.43658811   0.51248176   0.05093013
  0.66   0.43557061   0.51499624   0.04943315
  0.67   0.43449534   0.51750956   0.04799510
  0.68   0.43335930   0.52002119   0.04661951
  0.69   0.43216491   0.52253201   0.04530308
  0.70   0.43091460   0.52504293   0.04404247
  0.71   0.42961077   0.52755485   0.04283437
  0.72   0.42825530   0.53006751   0.04167719
  0.73   0.42684858   0.53257759   0.04057383
  0.74   0.42539430   0.53508867   0.03951703
  0.75   0.42389471   0.53760128   0.03850401
  0.76   0.42235208   0.54011597   0.03753196
  0.77   0.42076863   0.54263327   0.03659810
  0.78   0.41914662   0.54515374   0.03569964
  0.79   0.41748383   0.54767236   0.03484381
  0.80   0.41578448   0.55019212   0.03402340
  0.81   0.41405085   0.55271362   0.03323553
  0.82   0.41228489   0.55523701   0.03247810
  0.83   0.41048855   0.55776247   0.03174899
  0.84   0.40866377   0.56029017   0.03104607
  0.85   0.40680952   0.56281764   0.03037284
  0.86   0.40492690   0.56534431   0.02972879
  0.87   0.40301912   0.56787145   0.02910944
  0.88   0.40108778   0.57039894   0.02851328
  0.89   0.39913452   0.57292666   0.02793882
  0.90   0.39716096   0.57545450   0.02738454
  0.91   0.39516763   0.57798163   0.02685074
  0.92   0.39315333   0.58050611   0.02634056
  0.93   0.39112156   0.58302902   0.02584941
  0.94   0.38907367   0.58555009   0.02537625
  0.95   0.38701100   0.58806900   0.02492000
  0.96   0.38493492   0.59058548   0.02447960
  0.97   0.38284678   0.59309922   0.02405399
  0.98   0.38074625   0.59560915   0.02364459
  0.99   0.37863482   0.59811504   0.02325014
  1.00   0.37651350   0.60061642   0.02287007
