  0.00   0.33333333   0.33333333   0.33333333
  0.01   0.33355363   0.33362361   0.33282276
  0.02   0.33485390   0.33542537   0.32972073
  0.03   0.33771890   0.33970668   0.32257442
  0.04   0.34202639   0.34688262   0.31109099
  0.05   0.34721912   0.35698343   0.29579745
  0.06   0.35248148   0.36975639   0.27776212
  0.07   0.35697125   0.38484344   0.25818531
  0.08   0.35997427   0.40188638   0.23813935
  0.09   0.36101301   0.42060773   0.21837926
  0.10   0.35976181   0.44077985   0.19945834
  0.11   0.35608667   0.46222791   0.18168542
  0.12   0.35002450   0.48479668   0.16517882
  0.13   0.34168854   0.50831721   0.14999425
  0.14   0.33130396   0.53260799   0.13608805
  0.15   0.31916557   0.55744909   0.12338535
  0.16   0.30560700   0.58258742   0.11180558
  0.17   0.29091860   0.60779865   0.10128275
  0.18   0.27545367   0.63282016   0.09172617
  0.19   0.25951093   0.65742871   0.08306036
  0.20   0.24338995   0.68140620   0.07520385
  0.21   0.22733892   0.70457588   0.06808520
  0.22   0.21158556   0.72677999   0.06163445
  0.23   0.19627829   0.74792887   0.05579284
  0.24   0.18158299   0.76791791   0.05049910
  0.25   0.16751359   0.78677359   0.04571283
  0.26   0.15421744   0.80440725   0.04137531
  0.27   0.14169620   0.82085434   0.03744946
  0.28   0.12996551   0.83613852   0.03389598
  0.29   0.11904975   0.85027433   0.03067592
  0.30   0.10888984   0.86334538   0.02776477
  0.31   0.09950373   0.87537135   0.02512492
  0.32   0.09081871   0.88644107   0.02274022
  0.33   0.08282805   0.89659471   0.02057724
  0.34   0.07547262   0.90590336   0.01862402
  0.35   0.06872315   0.91442300   0.01685384
  0.36   0.06253751   0.92220877   0.01525372
  0.37   0.05687572   0.92931796   0.01380632
  0.38   0.05170035   0.93580617   0.01249348
  0.39   0.04697694   0.94171416   0.01130890
  0.40   0.04266630   0.94709959   0.01023411
  0.41   0.03873917   0.95199880   0.00926204
  0.42   0.03516324   0.95645388   0.00838288
  0.43   0.03190518   0.96050980   0.00758502
  0.44   0.02894623   0.96418845   0.00686531
  0.45   0.02625258   0.96753487   0.00621254
  0.46   0.02380566   0.97057221   0.00562212
  0.47   0.02158407   0.97332756   0.00508837
  0.48   0.01956296   0.97583292   0.00460412
  0.49   0.01773258   0.97810006   0.00416735
  0.50   0.01606881   0.98015989   0.00377130
  0.51   0.01455817   0.98202928   0.00341255
  0.52   0.01318909   0.98372263   0.00308828
  0.53   0.01194762   0.98525744   0.00279493
  0.54   0.01082143   0.98664932   0.00252925
  0.55   0.00980065   0.98791047   0.00228888
  0.56   0.00887551   0.98905311   0.00207138
  0.57   0.00803688   0.99008865   0.00187447
  0.58   0.00727754   0.99102602   0.00169643
  0.59   0.00658920   0.99187559   0.00153521
  0.60   0.00596585   0.99264478   0.00138937
  0.61   0.00540142   0.99334112   0.00125746
  0.62   0.00489000   0.99397197   0.00113803
  0.63   0.00442705   0.99454293   0.00103002
  0.64   0.00400759   0.99506018   0.00093223
  0.65   0.00362778   0.99552849   0.00084373
  0.66   0.00328388   0.99595247   0.00076365
  0.67   0.00297217   0.99633673   0.00069110
  0.68   0.00269005   0.99668448   0.00062547
  0.69   0.00243482   0.99699906   0.00056612
  0.70   0.00220341   0.99728427   0.00051232
  0.71   0.00199408   0.99754224   0.00046368
  0.72   0.00180488   0.99777539   0.00041973
  0.73   0.00163333   0.99798678   0.00037989
  0.74   0.00147817   0.99817796   0.00034386
  0.75   0.00133797   0.99835072   0.00031132
  0.76   0.00121085   0.99850734   0.00028181
  0.77   0.00109585   0.99864903   0.00025512
  0.78   0.00099189   0.99877711   0.00023099
  0.79   0.00089764   0.99889324   0.00020912
  0.80   0.00081235   0.99899833   0.00018932
  0.81   0.00073524   0.99909334   0.00017143
  0.82   0.00066531   0.99917949   0.00015519
  0.83   0.00060204   0.99925746   0.00014050
  0.84   0.00054486   0.99932791   0.00012723
  0.85   0.00049299   0.99939183   0.00011518
  0.86   0.00044606   0.99944967   0.00010427
  0.87   0.00040367   0.99950191   0.00009442
  0.88   0.00036527   0.99954924   0.00008550
  0.89   0.00033049   0.99959209   0.00007741
  0.90   0.00029908   0.99963081   0.00007011
  0.91   0.00027067   0.99966584   0.00006350
  0.92   0.00024492   0.99969758   0.00005750
  0.93   0.00022164   0.99972628   0.00005208
  0.94   0.00020060   0.99975222   0.00004718
  0.95   0.00018152   0.99977575   0.00004273
  0.96   0.00016426   0.99979704   0.00003870
  0.97   0.00014866   0.99981627   0.00003506
  0.98   0.00013452   0.99983372   0.00003176
  0.99   0.00012172   0.99984951   0.00002877
  1.00   0.00011016   0.99986378   0.00002607
