  0.00   0.12500000   0.12500000   0.12500000   0.12500000   0.12500000   0.12500000   0.12500000   0.12500000
  0.01   0.12498616   0.12499302   0.12499851   0.12500242   0.12500491   0.12500591   0.12500547   0.12500361
  0.02   0.12492817   0.12496413   0.12499269   0.12501288   0.12502561   0.12503052   0.12502793   0.12501806
  0.03   0.12482147   0.12491156   0.12498275   0.12503273   0.12506391   0.12507553   0.12506850   0.12504355
  0.04   0.12466675   0.12483610   0.12496931   0.12506226   0.12511968   0.12514041   0.12512636   0.12507914
  0.05   0.12447081   0.12474141   0.12495339   0.12510051   0.12519058   0.12522213   0.12519850   0.12512268
  0.06   0.12423453   0.12462825   0.12493550   0.12514764   0.12527637   0.12532013   0.12528418   0.12517340
  0.07   0.12396104   0.12449839   0.12491622   0.12520328   0.12537601   0.12543298   0.12538190   0.12523017
  0.08   0.12365882   0.12435590   0.12489623   0.12526580   0.12548644   0.12555715   0.12548856   0.12529110
  0.09   0.12333045   0.12420224   0.12487601   0.12533488   0.12560679   0.12569144   0.12560292   0.12535528
  0.10   0.12297924   0.12403912   0.12485598   0.12541001   0.12573589   0.12583441   0.12572359   0.12542176
  0.11   0.12260939   0.12386860   0.12483652   0.12549041   0.12587224   0.12598429   0.12584901   0.12548956
  0.12   0.12222407   0.12369217   0.12481787   0.12557544   0.12601470   0.12613976   0.12597801   0.12555799
  0.13   0.12182546   0.12351088   0.12480019   0.12566467   0.12616247   0.12629993   0.12610981   0.12562659
  0.14   0.12141711   0.12332645   0.12478378   0.12575744   0.12631429   0.12646332   0.12624308   0.12569455
  0.15   0.12100060   0.12313930   0.12476839   0.12585316   0.12646953   0.12662944   0.12637762   0.12576195
  0.16   0.12057885   0.12295081   0.12475422   0.12595124   0.12662714   0.12679712   0.12651240   0.12582822
  0.17   0.12015294   0.12276150   0.12474134   0.12605148   0.12678673   0.12696589   0.12664702   0.12589309
  0.18   0.11972373   0.12257182   0.12472986   0.12615371   0.12694798   0.12713538   0.12678114   0.12595637
  0.19   0.11929327   0.12238264   0.12471983   0.12625746   0.12711014   0.12730480   0.12691413   0.12601774
  0.20   0.11886271   0.12219440   0.12471117   0.12636237   0.12727275   0.12747373   0.12704573   0.12607713
  0.21   0.11843369   0.12200783   0.12470397   0.12646810   0.12743523   0.12764154   0.12717539   0.12613427
  0.22   0.11800652   0.12182299   0.12469811   0.12657447   0.12759742   0.12780813   0.12730313   0.12618923
  0.23   0.11758258   0.12164047   0.12469361   0.12668115   0.12775881   0.12797299   0.12742854   0.12624184
  0.24   0.11716225   0.12146041   0.12469045   0.12678802   0.12791925   0.12813598   0.12755155   0.12629208
  0.25   0.11674611   0.12128302   0.12468859   0.12689490   0.12807851   0.12829690   0.12767203   0.12633993
  0.26   0.11633519   0.12110873   0.12468802   0.12700152   0.12823621   0.12845536   0.12778970   0.12638527
  0.27   0.11592886   0.12093708   0.12468851   0.12710789   0.12839255   0.12861173   0.12790495   0.12642844
  0.28   0.11552726   0.12076803   0.12468995   0.12721389   0.12854748   0.12876599   0.12801785   0.12646954
  0.29   0.11513103   0.12060181   0.12469230   0.12731934   0.12870076   0.12891794   0.12812828   0.12650855
  0.30   0.11474030   0.12043856   0.12469563   0.12742424   0.12885231   0.12906749   0.12823612   0.12654536
  0.31   0.11435534   0.12027836   0.12469990   0.12752848   0.12900205   0.12921454   0.12834133   0.12658000
  0.32   0.11397644   0.12012128   0.12470504   0.12763196   0.12914984   0.12935902   0.12844390   0.12661251
  0.33   0.11360339   0.11996719   0.12471101   0.12773466   0.12929576   0.12950105   0.12854396   0.12664299
  0.34   0.11323643   0.11981614   0.12471775   0.12783651   0.12943971   0.12964054   0.12864147   0.12667145
  0.35   0.11287572   0.11966820   0.12472522   0.12793743   0.12958161   0.12977746   0.12873643   0.12669794
  0.36   0.11252093   0.11952315   0.12473337   0.12803747   0.12972159   0.12991196   0.12882900   0.12672255
  0.37   0.11217221   0.11938105   0.12474215   0.12813654   0.12985957   0.13004399   0.12891916   0.12674532
  0.38   0.11182961   0.11924188   0.12475151   0.12823460   0.12999554   0.13017358   0.12900696   0.12676631
  0.39   0.11149309   0.11910562   0.12476147   0.12833167   0.13012951   0.13030073   0.12909241   0.12678550
  0.40   0.11116267   0.11897225   0.12477197   0.12842770   0.13026144   0.13042545   0.12917555   0.12680297
  0.41   0.11083838   0.11884175   0.12478297   0.12852264   0.13039134   0.13054775   0.12925641   0.12681876
  0.42   0.11051927   0.11871361   0.12479436   0.12861668   0.13051955   0.13066805   0.12933537   0.12683311
  0.43   0.11020525   0.11858779   0.12480610   0.12870982   0.13064609   0.13078639   0.12941248   0.12684608
  0.44   0.10989622   0.11846418   0.12481814   0.12880203   0.13077100   0.13090285   0.12948783   0.12685775
  0.45   0.10959240   0.11834292   0.12483052   0.12889328   0.13089420   0.13101731   0.12956132   0.12686804
  0.46   0.10929384   0.11822404   0.12484324   0.12898356   0.13101566   0.13112976   0.12963294   0.12687696
  0.47   0.10900032   0.11810739   0.12485624   0.12907289   0.13113545   0.13124031   0.12970280   0.12688459
  0.48   0.10871172   0.11799292   0.12486950   0.12916127   0.13125363   0.13134902   0.12977097   0.12689098
  0.49   0.10842785   0.11788053   0.12488300   0.12924874   0.13137024   0.13145595   0.12983750   0.12689617
  0.50   0.10814867   0.11777018   0.12489672   0.12933531   0.13148532   0.13156114   0.12990245   0.12690021
  0.51   0.10787403   0.11766180   0.12491064   0.12942097   0.13159890   0.13166466   0.12996587   0.12690314
  0.52   0.10760376   0.11755529   0.12492474   0.12950577   0.13171105   0.13176657   0.13002782   0.12690500
  0.53   0.10733775   0.11745061   0.12493899   0.12958972   0.13182180   0.13186692   0.13008836   0.12690584
  0.54   0.10707589   0.11734768   0.12495339   0.12967283   0.13193120   0.13196577   0.13014755   0.12690569
  0.55   0.10681824   0.11724654   0.12496792   0.12975510   0.13203921   0.13206309   0.13020535   0.12690454
  0.56   0.10656464   0.11714710   0.12498258   0.12983653   0.13214591   0.13215896   0.13026184   0.12690244
  0.57   0.10631498   0.11704932   0.12499734   0.12991715   0.13225131   0.13225341   0.13031706   0.12689943
  0.58   0.10606881   0.11695296   0.12501218   0.12999706   0.13235559   0.13234663   0.13037117   0.12689561
  0.59   0.10582588   0.11685791   0.12502708   0.13007630   0.13245883   0.13243872   0.13042425   0.12689103
  0.60   0.10558609   0.11676411   0.12504201   0.13015489   0.13256108   0.13252972   0.13047635   0.12688574
  0.61   0.10534944   0.11667157   0.12505699   0.13023283   0.13266232   0.13261963   0.13052748   0.12687974
  0.62   0.10511617   0.11658041   0.12507202   0.13031006   0.13276248   0.13270836   0.13057755   0.12687296
  0.63   0.10488599   0.11649048   0.12508709   0.13038664   0.13286164   0.13279602   0.13062666   0.12686548
  0.64   0.10465883   0.11640174   0.12510218   0.13046258   0.13295985   0.13288265   0.13067484   0.12685733
  0.65   0.10443456   0.11631415   0.12511729   0.13053792   0.13305714   0.13296829   0.13072213   0.12684852
  0.66   0.10421311   0.11622766   0.12513241   0.13061266   0.13315354   0.13305298   0.13076857   0.12683908
  0.67   0.10399439   0.11614223   0.12514754   0.13068681   0.13324908   0.13313674   0.13081418   0.12682904
  0.68   0.10377831   0.11605782   0.12516267   0.13076041   0.13334379   0.13321961   0.13085899   0.12681841
  0.69   0.10356476   0.11597439   0.12517779   0.13083347   0.13343770   0.13330164   0.13090305   0.12680721
  0.70   0.10335367   0.11589188   0.12519289   0.13090600   0.13353085   0.13338285   0.13094637   0.12679548
  0.71   0.10314496   0.11581028   0.12520798   0.13097802   0.13362326   0.13346328   0.13098899   0.12678323
  0.72   0.10293865   0.11572959   0.12522305   0.13104952   0.13371493   0.13354291   0.13103090   0.12677044
  0.73   0.10273465   0.11564976   0.12523810   0.13112053   0.13380588   0.13362179   0.13107213   0.12675716
  0.74   0.10253292   0.11557078   0.12525312   0.13119105   0.13389614   0.13369993   0.13111269   0.12674337
  0.75   0.10233313   0.11549251   0.12526811   0.13126115   0.13398580   0.13377744   0.13115270   0.12672917
  0.76   0.10213521   0.11541490   0.12528306   0.13133085   0.13407491   0.13385436   0.13119216   0.12671455
  0.77   0.10193903   0.11533790   0.12529796   0.13140018   0.13416350   0.13393074   0.13123113   0.12669956
  0.78   0.10174459   0.11526152   0.12531282   0.13146914   0.13425157   0.13400657   0.13126960   0.12668419
  0.79   0.10155205   0.11518581   0.12532763   0.13153769   0.13433908   0.13408180   0.13130753   0.12666841
  0.80   0.10136128   0.11511074   0.12534241   0.13160586   0.13442605   0.13415648   0.13134495   0.12665224
  0.81   0.10117227   0.11503628   0.12535713   0.13167364   0.13451250   0.13423060   0.13138187   0.12663569
  0.82   0.10098484   0.11496237   0.12537181   0.13174109   0.13459850   0.13430424   0.13141835   0.12661881
  0.83   0.10079900   0.11488900   0.12538644   0.13180820   0.13468402   0.13437739   0.13145438   0.12660157
  0.84   0.10061471   0.11481617   0.12540101   0.13187498   0.13476910   0.13445006   0.13148997   0.12658401
  0.85   0.10043191   0.11474385   0.12541553   0.13194143   0.13485374   0.13452227   0.13152515   0.12656612
  0.86   0.10025055   0.11467200   0.12543000   0.13200758   0.13493797   0.13459406   0.13155992   0.12654792
  0.87   0.10007057   0.11460061   0.12544442   0.13207343   0.13502181   0.13466543   0.13159432   0.12652942
  0.88   0.09989193   0.11452966   0.12545877   0.13213899   0.13510526   0.13473640   0.13162834   0.12651063
  0.89   0.09971460   0.11445914   0.12547307   0.13220428   0.13518835   0.13480698   0.13166201   0.12649157
  0.90   0.09953852   0.11438902   0.12548731   0.13226930   0.13527109   0.13487720   0.13169533   0.12647223
  0.91   0.09936364   0.11431929   0.12550150   0.13233406   0.13535349   0.13494706   0.13172832   0.12645263
  0.92   0.09918996   0.11424993   0.12551562   0.13239857   0.13543557   0.13501658   0.13176099   0.12643278
  0.93   0.09901745   0.11418094   0.12552968   0.13246283   0.13551732   0.13508575   0.13179335   0.12641268
  0.94   0.09884606   0.11411230   0.12554369   0.13252685   0.13559876   0.13515461   0.13182539   0.12639233
  0.95   0.09867577   0.11404400   0.12555763   0.13259064   0.13567991   0.13522315   0.13185714   0.12637175
  0.96   0.09850656   0.11397603   0.12557151   0.13265421   0.13576077   0.13529139   0.13188861   0.12635094
  0.97   0.09833831   0.11390835   0.12558533   0.13271757   0.13584137   0.13535935   0.13191981   0.12632991
  0.98   0.09817101   0.11384094   0.12559909   0.13278073   0.13592172   0.13542706   0.13195076   0.12630869
  0.99   0.09800462   0.11377379   0.12561279   0.13284370   0.13600184   0.13549451   0.13198147   0.12628727
  1.00   0.09783910   0.11370689   0.12562643   0.13290649   0.13608174   0.13556173   0.13201196   0.12626566
