  0.00   0.33333333   0.33333333   0.33333333
  0.01   0.33359863   0.33359767   0.33280370
  0.02   0.33512432   0.33513731   0.32973837
  0.03   0.33853010   0.33862644   0.32284346
  0.04   0.34382742   0.34415472   0.31201787
  0.05   0.35072310   0.35153064   0.29774626
  0.06   0.35872463   0.36037591   0.28089946
  0.07   0.36726153   0.37024030   0.26249817
  0.08   0.37583372   0.38073980   0.24342648
  0.09   0.38401401   0.39155776   0.22442823
  0.10   0.39149211   0.40248491   0.20602299
  0.11   0.39807565   0.41341768   0.18850667
  0.12   0.40361595   0.42428946   0.17209459
  0.13   0.40804694   0.43510460   0.15684846
  0.14   0.41134177   0.44589592   0.14276230
  0.15   0.41349870   0.45670828   0.12979302
  0.16   0.41450210   0.46757502   0.11792288
  0.17   0.41437676   0.47854944   0.10707380
  0.18   0.41314359   0.48967339   0.09718302
  0.19   0.41083172   0.50099154   0.08817674
  0.20   0.40748366   0.51253336   0.07998298
  0.21   0.40313413   0.52433195   0.07253392
  0.22   0.39783237   0.53640072   0.06576690
  0.23   0.39163655   0.54873166   0.05963179
  0.24   0.38459821   0.56133078   0.05407100
  0.25   0.37675996   0.57422181   0.04901824
  0.26   0.36819095   0.58737488   0.04443418
  0.27   0.35897205   0.60073642   0.04029152
  0.28   0.34914690   0.61432834   0.03652476
  0.29   0.33878202   0.62812501   0.03309297
  0.30   0.32797613   0.64203107   0.02999280
  0.31   0.31678800   0.65603773   0.02717427
  0.32   0.30529776   0.67008176   0.02462049
  0.33   0.29358323   0.68410707   0.02230970
  0.34   0.28171673   0.69807126   0.02021201
  0.35   0.26976552   0.71191657   0.01831791
  0.36   0.25780499   0.72559470   0.01660031
  0.37   0.24589362   0.73906170   0.01504467
  0.38   0.23408694   0.75227511   0.01363795
  0.39   0.22245459   0.76518556   0.01235985
  0.40   0.21101680   0.77777685   0.01120635
  0.41   0.19983897   0.79000143   0.01015960
  0.42   0.18895815   0.80183300   0.00920885
  0.43   0.17838994   0.81326168   0.00834839
  0.44   0.16816929   0.82426183   0.00756888
  0.45   0.15831697   0.83481988   0.00686315
  0.46   0.14884597   0.84493162   0.00622241
  0.47   0.13976677   0.85459094   0.00564228
  0.48   0.13108357   0.86379826   0.00511817
  0.49   0.12280542   0.87255252   0.00464206
  0.50   0.11492610   0.88086280   0.00421110
  0.51   0.10743797   0.88874030   0.00382172
  0.52   0.10034349   0.89618782   0.00346869
  0.53   0.09363243   0.90321886   0.00314871
  0.54   0.08728974   0.90985111   0.00285915
  0.55   0.08130835   0.91609484   0.00259681
  0.56   0.07568013   0.92196112   0.00235875
  0.57   0.07038657   0.92747039   0.00214304
  0.58   0.06541454   0.93263792   0.00194755
  0.59   0.06075608   0.93747394   0.00176998
  0.60   0.05639257   0.94199843   0.00160901
  0.61   0.05230871   0.94622806   0.00146323
  0.62   0.04849554   0.95017378   0.00133068
  0.63   0.04493580   0.95385368   0.00121052
  0.64   0.04161445   0.95728375   0.00110180
  0.65   0.03852051   0.96047640   0.00100309
  0.66   0.03564018   0.96344626   0.00091356
  0.67   0.03296089   0.96620678   0.00083233
  0.68   0.03047015   0.96877120   0.00075865
  0.69   0.02815611   0.97115205   0.00069184
  0.70   0.02600822   0.97336064   0.00063114
  0.71   0.02401595   0.97540811   0.00057595
  0.72   0.02216832   0.97730582   0.00052586
  0.73   0.02045650   0.97906321   0.00048030
  0.74   0.01887174   0.98068944   0.00043881
  0.75   0.01740451   0.98219440   0.00040109
  0.76   0.01604718   0.98358606   0.00036676
  0.77   0.01479221   0.98487227   0.00033552
  0.78   0.01363220   0.98606072   0.00030708
  0.79   0.01256033   0.98715848   0.00028119
  0.80   0.01157030   0.98817207   0.00025763
  0.81   0.01065618   0.98910763   0.00023619
  0.82   0.00981246   0.98997088   0.00021666
  0.83   0.00903399   0.99076715   0.00019886
  0.84   0.00831597   0.99150142   0.00018261
  0.85   0.00765365   0.99217853   0.00016782
  0.86   0.00704290   0.99280278   0.00015432
  0.87   0.00647976   0.99337825   0.00014199
  0.88   0.00596057   0.99390873   0.00013071
  0.89   0.00548215   0.99439746   0.00012039
  0.90   0.00504163   0.99484742   0.00011095
  0.91   0.00463640   0.99526127   0.00010233
  0.92   0.00426264   0.99564296   0.00009440
  0.93   0.00391863   0.99599423   0.00008714
  0.94   0.00360227   0.99631723   0.00008050
  0.95   0.00331162   0.99661395   0.00007443
  0.96   0.00304367   0.99688749   0.00006884
  0.97   0.00279727   0.99713902   0.00006371
  0.98   0.00257086   0.99737012   0.00005902
  0.99   0.00236304   0.99758222   0.00005474
  1.00   0.00217188   0.99777732   0.00005080
