  0.00   0.12500000   0.12500000   0.12500000   0.12500000   0.12500000   0.12500000   0.12500000   0.12500000
  0.01   0.12500014   0.12500018   0.12500018   0.12500016   0.12500011   0.12500003   0.12499978   0.12499943
  0.02   0.12500057   0.12500071   0.12500073   0.12500064   0.12500043   0.12500011   0.12499913   0.12499769
  0.03   0.12500126   0.12500158   0.12500164   0.12500143   0.12500097   0.12500025   0.12499804   0.12499483
  0.04   0.12500217   0.12500275   0.12500286   0.12500251   0.12500170   0.12500044   0.12499659   0.12499099
  0.05   0.12500330   0.12500420   0.12500437   0.12500384   0.12500261   0.12500068   0.12499478   0.12498622
  0.06   0.12500462   0.12500591   0.12500618   0.12500543   0.12500369   0.12500097   0.12499264   0.12498056
  0.07   0.12500612   0.12500788   0.12500825   0.12500726   0.12500494   0.12500130   0.12499018   0.12497407
  0.08   0.12500775   0.12501003   0.12501053   0.12500928   0.12500631   0.12500167   0.12498747   0.12496695
  0.09   0.12500952   0.12501239   0.12501303   0.12501149   0.12500782   0.12500207   0.12498451   0.12495917
  0.10   0.12501141   0.12501493   0.12501573   0.12501389   0.12500946   0.12500252   0.12498131   0.12495075
  0.11   0.12501341   0.12501764   0.12501863   0.12501647   0.12501123   0.12500299   0.12497788   0.12494175
  0.12   0.12501549   0.12502050   0.12502170   0.12501919   0.12501309   0.12500350   0.12497426   0.12493226
  0.13   0.12501766   0.12502352   0.12502495   0.12502209   0.12501508   0.12500405   0.12497043   0.12492222
  0.14   0.12501990   0.12502666   0.12502834   0.12502511   0.12501715   0.12500462   0.12496644   0.12491177
  0.15   0.12502218   0.12502988   0.12503183   0.12502824   0.12501930   0.12500521   0.12496233   0.12490102
  0.16   0.12502452   0.12503322   0.12503546   0.12503148   0.12502153   0.12500583   0.12495807   0.12488988
  0.17   0.12502688   0.12503664   0.12503919   0.12503482   0.12502383   0.12500647   0.12495370   0.12487846
  0.18   0.12502929   0.12504015   0.12504303   0.12503827   0.12502621   0.12500714   0.12494920   0.12486672
  0.19   0.12503171   0.12504373   0.12504697   0.12504181   0.12502865   0.12500783   0.12494460   0.12485471
  0.20   0.12503414   0.12504738   0.12505099   0.12504544   0.12503115   0.12500853   0.12493990   0.12484247
  0.21   0.12503660   0.12505110   0.12505511   0.12504915   0.12503371   0.12500926   0.12493510   0.12482998
  0.22   0.12503906   0.12505486   0.12505929   0.12505293   0.12503632   0.12501001   0.12493023   0.12481731
  0.23   0.12504151   0.12505868   0.12506355   0.12505678   0.12503899   0.12501077   0.12492528   0.12480445
  0.24   0.12504395   0.12506253   0.12506786   0.12506069   0.12504170   0.12501155   0.12492027   0.12479144
  0.25   0.12504638   0.12506642   0.12507223   0.12506465   0.12504445   0.12501235   0.12491521   0.12477830
  0.26   0.12504880   0.12507033   0.12507665   0.12506867   0.12504723   0.12501316   0.12491010   0.12476506
  0.27   0.12505120   0.12507427   0.12508111   0.12507272   0.12505005   0.12501398   0.12490496   0.12475172
  0.28   0.12505356   0.12507821   0.12508559   0.12507681   0.12505289   0.12501482   0.12489978   0.12473833
  0.29   0.12505590   0.12508216   0.12509010   0.12508092   0.12505576   0.12501567   0.12489460   0.12472490
  0.30   0.12505820   0.12508612   0.12509464   0.12508507   0.12505865   0.12501652   0.12488938   0.12471141
  0.31   0.12506046   0.12509008   0.12509919   0.12508924   0.12506156   0.12501739   0.12488416   0.12469791
  0.32   0.12506268   0.12509403   0.12510376   0.12509344   0.12506449   0.12501827   0.12487893   0.12468440
  0.33   0.12506485   0.12509797   0.12510834   0.12509764   0.12506743   0.12501916   0.12487371   0.12467091
  0.34   0.12506697   0.12510190   0.12511292   0.12510186   0.12507038   0.12502006   0.12486849   0.12465743
  0.35   0.12506904   0.12510580   0.12511750   0.12510608   0.12507335   0.12502096   0.12486328   0.12464399
  0.36   0.12507105   0.12510969   0.12512208   0.12511031   0.12507631   0.12502187   0.12485808   0.12463060
  0.37   0.12507301   0.12511355   0.12512664   0.12511453   0.12507928   0.12502279   0.12485292   0.12461728
  0.38   0.12507491   0.12511739   0.12513120   0.12511876   0.12508226   0.12502371   0.12484777   0.12460401
  0.39   0.12507675   0.12512119   0.12513575   0.12512298   0.12508523   0.12502464   0.12484264   0.12459081
  0.40   0.12507853   0.12512497   0.12514028   0.12512720   0.12508820   0.12502557   0.12483755   0.12457770
  0.41   0.12508024   0.12512870   0.12514479   0.12513140   0.12509117   0.12502651   0.12483249   0.12456469
  0.42   0.12508190   0.12513241   0.12514929   0.12513560   0.12509414   0.12502746   0.12482746   0.12455174
  0.43   0.12508350   0.12513609   0.12515377   0.12513979   0.12509711   0.12502841   0.12482246   0.12453887
  0.44   0.12508503   0.12513973   0.12515823   0.12514397   0.12510007   0.12502936   0.12481750   0.12452611
  0.45   0.12508650   0.12514332   0.12516266   0.12514813   0.12510303   0.12503032   0.12481258   0.12451346
  0.46   0.12508790   0.12514688   0.12516706   0.12515227   0.12510597   0.12503128   0.12480771   0.12450094
  0.47   0.12508922   0.12515038   0.12517143   0.12515639   0.12510890   0.12503224   0.12480289   0.12448854
  0.48   0.12509048   0.12515384   0.12517576   0.12516048   0.12511182   0.12503321   0.12479813   0.12447628
  0.49   0.12509167   0.12515725   0.12518005   0.12516455   0.12511473   0.12503418   0.12479341   0.12446416
  0.50   0.12509279   0.12516062   0.12518432   0.12516860   0.12511762   0.12503515   0.12478874   0.12445216
  0.51   0.12509387   0.12516396   0.12518858   0.12517263   0.12512051   0.12503612   0.12478410   0.12444022
  0.52   0.12509489   0.12516725   0.12519280   0.12517665   0.12512339   0.12503710   0.12477951   0.12442841
  0.53   0.12509584   0.12517050   0.12519698   0.12518064   0.12512626   0.12503808   0.12477497   0.12441673
  0.54   0.12509672   0.12517371   0.12520113   0.12518461   0.12512911   0.12503906   0.12477048   0.12440518
  0.55   0.12509754   0.12517686   0.12520524   0.12518854   0.12513195   0.12504004   0.12476605   0.12439378
  0.56   0.12509830   0.12517997   0.12520932   0.12519245   0.12513476   0.12504102   0.12476167   0.12438251
  0.57   0.12509899   0.12518302   0.12521335   0.12519633   0.12513756   0.12504200   0.12475736   0.12437139
  0.58   0.12509962   0.12518603   0.12521734   0.12520017   0.12514035   0.12504298   0.12475309   0.12436041
  0.59   0.12510019   0.12518899   0.12522130   0.12520400   0.12514312   0.12504397   0.12474888   0.12434956
  0.60   0.12510069   0.12519191   0.12522522   0.12520779   0.12514587   0.12504495   0.12474473   0.12433885
  0.61   0.12510113   0.12519477   0.12522910   0.12521155   0.12514860   0.12504594   0.12474063   0.12432828
  0.62   0.12510150   0.12519758   0.12523294   0.12521528   0.12515132   0.12504692   0.12473660   0.12431787
  0.63   0.12510181   0.12520034   0.12523673   0.12521897   0.12515401   0.12504791   0.12473262   0.12430761
  0.64   0.12510206   0.12520305   0.12524048   0.12522263   0.12515669   0.12504889   0.12472871   0.12429750
  0.65   0.12510224   0.12520570   0.12524418   0.12522625   0.12515934   0.12504987   0.12472486   0.12428755
  0.66   0.12510236   0.12520830   0.12524784   0.12522984   0.12516197   0.12505086   0.12472108   0.12427776
  0.67   0.12510243   0.12521086   0.12525146   0.12523340   0.12516458   0.12505184   0.12471734   0.12426809
  0.68   0.12510243   0.12521337   0.12525504   0.12523692   0.12516718   0.12505282   0.12471367   0.12425857
  0.69   0.12510238   0.12521582   0.12525857   0.12524041   0.12516975   0.12505380   0.12471006   0.12424920
  0.70   0.12510227   0.12521823   0.12526206   0.12524386   0.12517230   0.12505478   0.12470651   0.12423999
  0.71   0.12510211   0.12522058   0.12526550   0.12524728   0.12517482   0.12505576   0.12470302   0.12423092
  0.72   0.12510188   0.12522289   0.12526890   0.12525066   0.12517733   0.12505674   0.12469959   0.12422201
  0.73   0.12510160   0.12522514   0.12527225   0.12525400   0.12517981   0.12505771   0.12469623   0.12421326
  0.74   0.12510126   0.12522734   0.12527556   0.12525730   0.12518226   0.12505869   0.12469293   0.12420465
  0.75   0.12510088   0.12522950   0.12527882   0.12526057   0.12518470   0.12505966   0.12468969   0.12419619
  0.76   0.12510044   0.12523161   0.12528204   0.12526381   0.12518712   0.12506063   0.12468650   0.12418786
  0.77   0.12509995   0.12523367   0.12528522   0.12526701   0.12518951   0.12506160   0.12468337   0.12417967
  0.78   0.12509941   0.12523569   0.12528836   0.12527017   0.12519188   0.12506256   0.12468030   0.12417163
  0.79   0.12509882   0.12523765   0.12529145   0.12527330   0.12519423   0.12506352   0.12467729   0.12416373
  0.80   0.12509818   0.12523957   0.12529450   0.12527639   0.12519656   0.12506449   0.12467434   0.12415598
  0.81   0.12509749   0.12524145   0.12529750   0.12527944   0.12519886   0.12506544   0.12467145   0.12414837
  0.82   0.12509675   0.12524327   0.12530045   0.12528246   0.12520113   0.12506640   0.12466862   0.12414091
  0.83   0.12509597   0.12524506   0.12530337   0.12528544   0.12520339   0.12506735   0.12466584   0.12413358
  0.84   0.12509515   0.12524680   0.12530625   0.12528839   0.12520563   0.12506830   0.12466312   0.12412637
  0.85   0.12509428   0.12524849   0.12530908   0.12529130   0.12520784   0.12506925   0.12466045   0.12411931
  0.86   0.12509336   0.12525014   0.12531187   0.12529418   0.12521003   0.12507020   0.12465784   0.12411238
  0.87   0.12509241   0.12525175   0.12531462   0.12529702   0.12521219   0.12507114   0.12465528   0.12410559
  0.88   0.12509141   0.12525332   0.12531733   0.12529982   0.12521434   0.12507208   0.12465278   0.12409892
  0.89   0.12509037   0.12525484   0.12531999   0.12530259   0.12521646   0.12507301   0.12465034   0.12409240
  0.90   0.12508929   0.12525632   0.12532261   0.12530532   0.12521856   0.12507395   0.12464795   0.12408600
  0.91   0.12508817   0.12525776   0.12532519   0.12530802   0.12522063   0.12507488   0.12464561   0.12407974
  0.92   0.12508702   0.12525915   0.12532773   0.12531068   0.12522268   0.12507580   0.12464333   0.12407360
  0.93   0.12508583   0.12526051   0.12533023   0.12531331   0.12522471   0.12507672   0.12464110   0.12406758
  0.94   0.12508460   0.12526184   0.12533270   0.12531591   0.12522672   0.12507764   0.12463891   0.12406167
  0.95   0.12508335   0.12526313   0.12533513   0.12531847   0.12522871   0.12507856   0.12463677   0.12405588
  0.96   0.12508206   0.12526438   0.12533753   0.12532101   0.12523068   0.12507947   0.12463468   0.12405020
  0.97   0.12508074   0.12526559   0.12533988   0.12532351   0.12523263   0.12508038   0.12463263   0.12404463
  0.98   0.12507939   0.12526678   0.12534220   0.12532598   0.12523456   0.12508129   0.12463063   0.12403916
  0.99   0.12507802   0.12526793   0.12534449   0.12532842   0.12523647   0.12508219   0.12462868   0.12403381
  1.00   0.12507662   0.12526904   0.12534674   0.12533083   0.12523835   0.12508309   0.12462676   0.12402856
