  0.00   0.12500000   0.12500000   0.12500000   0.12500000   0.12500000   0.12500000   0.12500000   0.12500000
  0.01   0.12499583   0.12499862   0.12500277   0.12500413   0.12500543   0.12500396   0.12500066   0.12498860
  0.02   0.12496725   0.12498887   0.12502099   0.12503155   0.12504151   0.12503037   0.12500527   0.12491419
  0.03   0.12489067   0.12496195   0.12506759   0.12510221   0.12513488   0.12509879   0.12501778   0.12472612
  0.04   0.12474456   0.12490919   0.12515278   0.12523245   0.12530760   0.12522546   0.12504184   0.12438611
  0.05   0.12451284   0.12482340   0.12528243   0.12543233   0.12557370   0.12542074   0.12508012   0.12387444
  0.06   0.12417474   0.12469472   0.12546311   0.12571379   0.12595017   0.12569702   0.12513589   0.12317055
  0.07   0.12370994   0.12451264   0.12569956   0.12608670   0.12645178   0.12606493   0.12521207   0.12226238
  0.08   0.12310991   0.12427193   0.12599262   0.12655408   0.12708370   0.12652800   0.12530957   0.12115018
  0.09   0.12236168   0.12396510   0.12634418   0.12712114   0.12785440   0.12709209   0.12542993   0.11983146
  0.10   0.12144435   0.12357802   0.12675463   0.12779400   0.12877582   0.12776487   0.12557480   0.11831351
  0.11   0.12035589   0.12310835   0.12722292   0.12857246   0.12984874   0.12854650   0.12574396   0.11660118
  0.12   0.11908240   0.12254518   0.12774770   0.12945946   0.13108063   0.12944126   0.12593790   0.11470547
  0.13   0.11762052   0.12188153   0.12832441   0.13045318   0.13247315   0.13044864   0.12615505   0.11264350
  0.14   0.11595995   0.12110858   0.12895130   0.13155537   0.13403180   0.13157154   0.12639550   0.11042596
  0.15   0.11409561   0.12021940   0.12962515   0.13276562   0.13575960   0.13281075   0.12665833   0.10806554
  0.16   0.11203270   0.11920829   0.13033748   0.13407825   0.13765516   0.13416238   0.12693980   0.10558594
  0.17   0.10976264   0.11806725   0.13108621   0.13549433   0.13972302   0.13562860   0.12723973   0.10299822
  0.18   0.10729352   0.11679259   0.13186319   0.13700818   0.14196176   0.13720547   0.12755428   0.10032101
  0.19   0.10463186   0.11538014   0.13266078   0.13861472   0.14437049   0.13888960   0.12787992   0.09757249
  0.20   0.10177607   0.11382344   0.13347404   0.14031192   0.14695102   0.14068038   0.12821484   0.09476830
  0.21   0.09875196   0.11212665   0.13429109   0.14208903   0.14969716   0.14256916   0.12855252   0.09192242
  0.22   0.09556034   0.11028384   0.13510610   0.14394306   0.15260988   0.14455445   0.12889060   0.08905174
  0.23   0.09221635   0.10829590   0.13591026   0.14586670   0.15568595   0.14663076   0.12922462   0.08616947
  0.24   0.08874442   0.10616887   0.13669314   0.14784999   0.15891944   0.14879011   0.12954901   0.08328502
  0.25   0.08515319   0.10390006   0.13744706   0.14988752   0.16230905   0.15102875   0.12986012   0.08041424
  0.26   0.08147533   0.10150518   0.13816179   0.15196644   0.16584449   0.15333578   0.13015240   0.07755859
  0.27   0.07772636   0.09898575   0.13882858   0.15407931   0.16952227   0.15570553   0.13042144   0.07473075
  0.28   0.07392072   0.09634241   0.13943877   0.15621902   0.17333937   0.15813270   0.13066290   0.07194411
  0.29   0.07007645   0.09357895   0.13998345   0.15837731   0.17729120   0.16061083   0.13087226   0.06920954
  0.30   0.06623035   0.09072793   0.14045636   0.16053833   0.18135990   0.16312523   0.13104623   0.06651567
  0.31   0.06239446   0.08778396   0.14084777   0.16269623   0.18554513   0.16567207   0.13117987   0.06388050
  0.32   0.05858936   0.08475477   0.14114912   0.16484174   0.18984054   0.16824378   0.13126882   0.06131187
  0.33   0.05483508   0.08165318   0.14135397   0.16696510   0.19423743   0.17083195   0.13130988   0.05881341
  0.34   0.05114991   0.07850782   0.14146230   0.16905522   0.19872001   0.17342560   0.13130348   0.05637566
  0.35   0.04755513   0.07532018   0.14146302   0.17110334   0.20328471   0.17601817   0.13124383   0.05401161
  0.36   0.04407087   0.07210193   0.14134921   0.17309984   0.20792337   0.17860144   0.13112747   0.05172587
  0.37   0.04070601   0.06887044   0.14112134   0.17503746   0.21262548   0.18116827   0.13095505   0.04951593
  0.38   0.03746585   0.06564494   0.14078222   0.17690975   0.21737976   0.18371187   0.13072856   0.04737705
  0.39   0.03437470   0.06243494   0.14032218   0.17870619   0.22217895   0.18622360   0.13044300   0.04531644
  0.40   0.03144853   0.05925424   0.13973703   0.18041802   0.22701400   0.18869567   0.13009645   0.04333606
  0.41   0.02867960   0.05611564   0.13903393   0.18204347   0.23187715   0.19112520   0.12969324   0.04143176
  0.42   0.02607041   0.05303238   0.13821514   0.18357774   0.23676009   0.19350719   0.12923501   0.03960205
  0.43   0.02363465   0.05001815   0.13727754   0.18501275   0.24165391   0.19583430   0.12872042   0.03784829
  0.44   0.02135852   0.04707739   0.13623005   0.18635030   0.24655440   0.19810683   0.12815470   0.03616781
  0.45   0.01924162   0.04422023   0.13507588   0.18758713   0.25145460   0.20032109   0.12753998   0.03455947
  0.46   0.01728866   0.04145893   0.13381610   0.18871802   0.25634651   0.20247185   0.12687720   0.03302274
  0.47   0.01548558   0.03879233   0.13245982   0.18974674   0.26122824   0.20456116   0.12617121   0.03155491
  0.48   0.01383010   0.03622863   0.13101110   0.19067111   0.26609369   0.20658622   0.12542449   0.03015465
  0.49   0.01232055   0.03377654   0.12947371   0.19148862   0.27093653   0.20854398   0.12463939   0.02882068
  0.50   0.01094308   0.03143023   0.12785673   0.19220477   0.27575686   0.21043798   0.12382039   0.02754997
  0.51   0.00969357   0.02919615   0.12616500   0.19281840   0.28054937   0.21226626   0.12297029   0.02634094
  0.52   0.00856658   0.02707911   0.12440395   0.19332927   0.28530947   0.21402762   0.12209217   0.02519183
  0.53   0.00754983   0.02507015   0.12258176   0.19374378   0.29003869   0.21572644   0.12118976   0.02409959
  0.54   0.00663754   0.02317400   0.12070402   0.19406179   0.29473247   0.21736158   0.12026621   0.02306240
  0.55   0.00582222   0.02139159   0.11877698   0.19428493   0.29938795   0.21893341   0.11932479   0.02207814
  0.56   0.00509503   0.01971302   0.11680701   0.19441939   0.30400713   0.22044616   0.11836809   0.02114418
  0.57   0.00444854   0.01814078   0.11480041   0.19446618   0.30858643   0.22189968   0.11739954   0.02025843
  0.58   0.00387490   0.01667344   0.11276351   0.19442796   0.31312405   0.22329519   0.11642229   0.01941865
  0.59   0.00336937   0.01530160   0.11070061   0.19430999   0.31762175   0.22463618   0.11543774   0.01862276
  0.60   0.00292365   0.01402491   0.10861829   0.19411457   0.32207724   0.22592357   0.11444927   0.01786849
  0.61   0.00253053   0.01284029   0.10652247   0.19384489   0.32648943   0.22715907   0.11345969   0.01715363
  0.62   0.00218656   0.01174122   0.10441649   0.19350497   0.33085907   0.22834511   0.11247009   0.01647649
  0.63   0.00188502   0.01072413   0.10230592   0.19309813   0.33518532   0.22948352   0.11148302   0.01583493
  0.64   0.00162166   0.00978450   0.10019478   0.19262771   0.33946792   0.23057613   0.11050011   0.01522718
  0.65   0.00139307   0.00891757   0.09808660   0.19209701   0.34370671   0.23162478   0.10952269   0.01465157
  0.66   0.00119408   0.00811905   0.09598588   0.19150942   0.34790133   0.23263137   0.10855268   0.01410618
  0.67   0.00102255   0.00738496   0.09389499   0.19086787   0.35205167   0.23359746   0.10759082   0.01358967
  0.68   0.00087388   0.00671081   0.09181815   0.19017573   0.35615746   0.23452494   0.10663884   0.01310020
  0.69   0.00074565   0.00609280   0.08975782   0.18943588   0.36021854   0.23541535   0.10569757   0.01263640
  0.70   0.00063507   0.00552695   0.08771678   0.18865132   0.36423474   0.23627030   0.10476802   0.01219681
  0.71   0.00054015   0.00500969   0.08569721   0.18782476   0.36820588   0.23709122   0.10385090   0.01178019
  0.72   0.00045862   0.00453730   0.08370147   0.18695904   0.37213177   0.23787960   0.10294703   0.01138518
  0.73   0.00038897   0.00410659   0.08173126   0.18605668   0.37601222   0.23863675   0.10205688   0.01101065
  0.74   0.00032936   0.00371413   0.07978860   0.18512035   0.37984704   0.23936405   0.10118110   0.01065538
  0.75   0.00027867   0.00335713   0.07787473   0.18415237   0.38363607   0.24006267   0.10032001   0.01031836
  0.76   0.00023538   0.00303247   0.07599131   0.18315525   0.38737912   0.24073390   0.09947409   0.00999848
  0.77   0.00019872   0.00273778   0.07413919   0.18213110   0.39107604   0.24137878   0.09864351   0.00969487
  0.78   0.00016745   0.00247023   0.07231971   0.18108228   0.39472666   0.24199851   0.09782863   0.00940653
  0.79   0.00014095   0.00222774   0.07053350   0.18001075   0.39833082   0.24259404   0.09702953   0.00913266
  0.80   0.00011853   0.00200808   0.06878131   0.17891854   0.40188836   0.24316638   0.09624636   0.00887244
  0.81   0.00009959   0.00180924   0.06706371   0.17780758   0.40539914   0.24371646   0.09547916   0.00862512
  0.82   0.00008355   0.00162939   0.06538115   0.17667971   0.40886306   0.24424519   0.09472799   0.00838996
  0.83   0.00007010   0.00146688   0.06373388   0.17553666   0.41227998   0.24475340   0.09399278   0.00816633
  0.84   0.00005873   0.00132007   0.06212219   0.17438013   0.41564985   0.24524194   0.09327354   0.00795355
  0.85   0.00004919   0.00118758   0.06054615   0.17321172   0.41897257   0.24571156   0.09257015   0.00775107
  0.86   0.00004121   0.00106810   0.05900577   0.17203295   0.42224811   0.24616302   0.09188252   0.00755831
  0.87   0.00003448   0.00096037   0.05750107   0.17084531   0.42547644   0.24659706   0.09121053   0.00737473
  0.88   0.00002887   0.00086334   0.05603184   0.16965017   0.42865755   0.24701434   0.09055403   0.00719986
  0.89   0.00002414   0.00077593   0.05459796   0.16844889   0.43179147   0.24741554   0.08991286   0.00703321
  0.90   0.00002017   0.00069725   0.05319916   0.16724272   0.43487823   0.24780128   0.08928684   0.00687435
  0.91   0.00001684   0.00062647   0.05183511   0.16603286   0.43791790   0.24817218   0.08867578   0.00672286
  0.92   0.00001404   0.00056278   0.05050549   0.16482048   0.44091057   0.24852882   0.08807947   0.00657835
  0.93   0.00001171   0.00050553   0.04920985   0.16360664   0.44385635   0.24887176   0.08749769   0.00644046
  0.94   0.00000973   0.00045400   0.04794785   0.16239242   0.44675539   0.24920156   0.08693024   0.00630883
  0.95   0.00000806   0.00040766   0.04671896   0.16117877   0.44960783   0.24951872   0.08637688   0.00618313
  0.96   0.00000670   0.00036606   0.04552262   0.15996660   0.45241386   0.24982373   0.08583735   0.00606308
  0.97   0.00000560   0.00032874   0.04435829   0.15875678   0.45517370   0.25011708   0.08531142   0.00594839
  0.98   0.00000466   0.00029515   0.04322552   0.15755019   0.45788760   0.25039926   0.08479886   0.00583876
  0.99   0.00000391   0.00026502   0.04212363   0.15634757   0.46055581   0.25067071   0.08429940   0.00573396
  1.00   0.00000333   0.00023807   0.04105198   0.15514964   0.46317862   0.25093184   0.08381277   0.00563375
