  0.00   0.12500000   0.12500000   0.12500000   0.12500000   0.12500000   0.12500000   0.12500000   0.12500000
  0.01   0.12500486   0.12501469   0.12502506   0.12503632   0.12505000   0.12503407   0.12498233   0.12485267
  0.02   0.12502386   0.12509459   0.12516943   0.12525072   0.12534953   0.12523523   0.12487256   0.12400408
  0.03   0.12503498   0.12525731   0.12549364   0.12575145   0.12606572   0.12570512   0.12459468   0.12209710
  0.04   0.12498819   0.12547799   0.12600217   0.12657789   0.12728369   0.12648066   0.12409228   0.11909715
  0.05   0.12481734   0.12571062   0.12667529   0.12774461   0.12906682   0.12757573   0.12331375   0.11509583
  0.06   0.12445180   0.12589701   0.12747506   0.12924440   0.13145683   0.12898419   0.12222044   0.11027028
  0.07   0.12382457   0.12597389   0.12835159   0.13105424   0.13448119   0.13068588   0.12079006   0.10483859
  0.08   0.12288043   0.12588129   0.12925116   0.13314310   0.13816146   0.13265415   0.11901688   0.09901153
  0.09   0.12157662   0.12556522   0.13011990   0.13547572   0.14251675   0.13485930   0.11690740   0.09297909
  0.10   0.11988594   0.12498041   0.13090570   0.13801364   0.14756491   0.13726957   0.11447995   0.08689989
  0.11   0.11779765   0.12409216   0.13156001   0.14071600   0.15332288   0.13985194   0.11176238   0.08089698
  0.12   0.11531603   0.12287662   0.13203882   0.14354019   0.15980644   0.14257247   0.10878861   0.07506081
  0.13   0.11245876   0.12132087   0.13230350   0.14644202   0.16702910   0.14539631   0.10559574   0.06945371
  0.14   0.10925491   0.11942267   0.13232152   0.14937589   0.17500059   0.14828762   0.10222186   0.06411495
  0.15   0.10573861   0.11718603   0.13206483   0.15229567   0.18372689   0.15120997   0.09870412   0.05907386
  0.16   0.10195088   0.11462291   0.13151098   0.15515474   0.19320951   0.15412641   0.09507913   0.05434545
  0.17   0.09793948   0.11175532   0.13064596   0.15790655   0.20344207   0.15699965   0.09138114   0.04992982
  0.18   0.09375330   0.10861176   0.12946394   0.16050677   0.21440902   0.15979344   0.08764090   0.04582087
  0.19   0.08944026   0.10522136   0.12796099   0.16291235   0.22609237   0.16247234   0.08388818   0.04201215
  0.20   0.08504800   0.10162094   0.12614495   0.16508521   0.23846034   0.16500374   0.08014760   0.03848921
  0.21   0.08061621   0.09785067   0.12403743   0.16699876   0.25146273   0.16736254   0.07643664   0.03523503
  0.22   0.07619356   0.09394284   0.12163841   0.16861106   0.26507718   0.16951382   0.07278348   0.03223965
  0.23   0.07181269   0.08993516   0.11897413   0.16990426   0.27924701   0.17143866   0.06920182   0.02948628
  0.24   0.06750460   0.08586567   0.11607319   0.17086293   0.29391236   0.17311971   0.06570393   0.02695761
  0.25   0.06331248   0.08176975   0.11294632   0.17145388   0.30903700   0.17452779   0.06231237   0.02464042
  0.26   0.05923421   0.07767388   0.10964362   0.17170392   0.32453021   0.17567599   0.05902077   0.02251740
  0.27   0.05530944   0.07361482   0.10618187   0.17158524   0.34034781   0.17653862   0.05584840   0.02057380
  0.28   0.05155083   0.06961774   0.10259214   0.17110419   0.35642476   0.17711503   0.05279971   0.01879560
  0.29   0.04795455   0.06569818   0.09891050   0.17028747   0.37268793   0.17741985   0.04987101   0.01717051
  0.30   0.04454642   0.06188896   0.09516398   0.16912521   0.38907874   0.17744024   0.04707327   0.01568318
  0.31   0.04131262   0.05819080   0.09137760   0.16765436   0.40553876   0.17720046   0.04439964   0.01432577
  0.32   0.03826150   0.05462412   0.08758026   0.16588607   0.42200565   0.17670393   0.04185289   0.01308558
  0.33   0.03539789   0.05120489   0.08379788   0.16383502   0.43842152   0.17595736   0.03943432   0.01195112
  0.34   0.03270834   0.04792793   0.08004452   0.16153480   0.45474591   0.17498435   0.03713760   0.01091654
  0.35   0.03019023   0.04480209   0.07634394   0.15900852   0.47092366   0.17379857   0.03496084   0.00997215
  0.36   0.02783791   0.04182957   0.07271193   0.15628047   0.48691299   0.17241609   0.03290076   0.00911028
  0.37   0.02564795   0.03901167   0.06915909   0.15337047   0.50268175   0.17085053   0.03095480   0.00832373
  0.38   0.02360883   0.03634415   0.06569807   0.15030914   0.51819258   0.16912346   0.02911723   0.00760654
  0.39   0.02171479   0.03382608   0.06233793   0.14711712   0.53341757   0.16724962   0.02738443   0.00695246
  0.40   0.01995951   0.03145494   0.05908533   0.14381464   0.54833332   0.16524395   0.02575247   0.00635584
  0.41   0.01833241   0.02922311   0.05594426   0.14042713   0.56291938   0.16312580   0.02421567   0.00581223
  0.42   0.01682816   0.02712904   0.05292065   0.13697082   0.57715702   0.16090736   0.02277050   0.00531645
  0.43   0.01543892   0.02516687   0.05001631   0.13346448   0.59103333   0.15860347   0.02141227   0.00486435
  0.44   0.01415630   0.02332921   0.04723084   0.12992644   0.60453971   0.15622916   0.02013599   0.00445236
  0.45   0.01297475   0.02161343   0.04456796   0.12637031   0.61766393   0.15379506   0.01893817   0.00407639
  0.46   0.01188668   0.02001213   0.04202520   0.12281089   0.63040352   0.15131398   0.01781408   0.00373351
  0.47   0.01088539   0.01851911   0.03960075   0.11926087   0.64275650   0.14879701   0.01675952   0.00342084
  0.48   0.00996517   0.01712984   0.03729482   0.11573178   0.65471829   0.14625386   0.01577087   0.00313538
  0.49   0.00911971   0.01583766   0.03510350   0.11223357   0.66629259   0.14369399   0.01484405   0.00287493
  0.50   0.00834343   0.01463697   0.03302414   0.10877538   0.67748146   0.14112597   0.01397542   0.00263723
  0.51   0.00763137   0.01352308   0.03105507   0.10536588   0.68828535   0.13855765   0.01316167   0.00241992
  0.52   0.00697826   0.01248967   0.02919103   0.10201112   0.69871329   0.13599585   0.01239926   0.00222154
  0.53   0.00637931   0.01153099   0.02742717   0.09871641   0.70877396   0.13344662   0.01168488   0.00204066
  0.54   0.00583050   0.01064333   0.02576205   0.09548825   0.71846884   0.13091610   0.01101574   0.00187518
  0.55   0.00532780   0.00982161   0.02419090   0.09233026   0.72780760   0.12840901   0.01038893   0.00172389
  0.56   0.00486743   0.00906076   0.02270831   0.08924484   0.73680187   0.12592928   0.00980167   0.00158582
  0.57   0.00444598   0.00835646   0.02131000   0.08623447   0.74546120   0.12348060   0.00925142   0.00145988
  0.58   0.00406019   0.00770570   0.01999449   0.08330342   0.75378862   0.12106732   0.00873587   0.00134439
  0.59   0.00370730   0.00710416   0.01875604   0.08045134   0.76179828   0.11869129   0.00825276   0.00123883
  0.60   0.00338480   0.00654828   0.01759025   0.07767839   0.76950142   0.11635438   0.00780003   0.00114245
  0.61   0.00308985   0.00603489   0.01649437   0.07498665   0.77690490   0.11405951   0.00737563   0.00105419
  0.62   0.00282015   0.00556099   0.01546497   0.07237644   0.78401811   0.11180838   0.00697771   0.00097325
  0.63   0.00257389   0.00512377   0.01449796   0.06984632   0.79085275   0.10960151   0.00660464   0.00089916
  0.64   0.00234923   0.00472063   0.01358985   0.06739537   0.79741909   0.10743963   0.00625486   0.00083135
  0.65   0.00214371   0.00434864   0.01273796   0.06502505   0.80372405   0.10532501   0.00592656   0.00076902
  0.66   0.00195610   0.00400576   0.01193883   0.06273291   0.80977887   0.10325718   0.00561853   0.00071183
  0.67   0.00178501   0.00368992   0.01118942   0.06051730   0.81559337   0.10123611   0.00532949   0.00065938
  0.68   0.00162883   0.00339890   0.01048688   0.05837751   0.82117615   0.09926240   0.00505812   0.00061121
  0.69   0.00148612   0.00313064   0.00982850   0.05631256   0.82653576   0.09733640   0.00480315   0.00056687
  0.70   0.00135592   0.00288358   0.00921159   0.05432007   0.83168171   0.09545736   0.00456365   0.00052613
  0.71   0.00123724   0.00265615   0.00863364   0.05239800   0.83662286   0.09362471   0.00433865   0.00048874
  0.72   0.00112874   0.00244651   0.00809231   0.05054583   0.84136641   0.09183900   0.00412697   0.00045424
  0.73   0.00102972   0.00225343   0.00758533   0.04876096   0.84592107   0.09009912   0.00392789   0.00042248
  0.74   0.00093944   0.00207569   0.00711056   0.04704130   0.85029480   0.08840431   0.00374062   0.00039327
  0.75   0.00085708   0.00191202   0.00666601   0.04538514   0.85449498   0.08675404   0.00356435   0.00036638
  0.76   0.00078181   0.00176120   0.00624977   0.04379096   0.85852856   0.08514788   0.00339830   0.00034153
  0.77   0.00071318   0.00162235   0.00586009   0.04225640   0.86240277   0.08358470   0.00324188   0.00031861
  0.78   0.00065070   0.00149464   0.00549534   0.04077936   0.86612440   0.08206352   0.00309454   0.00029750
  0.79   0.00059363   0.00137698   0.00515384   0.03935834   0.86969983   0.08058381   0.00295558   0.00027799
  0.80   0.00054158   0.00126867   0.00483418   0.03799131   0.87313526   0.07914455   0.00282450   0.00025995
  0.81   0.00049412   0.00116898   0.00453499   0.03667639   0.87643661   0.07774482   0.00270083   0.00024326
  0.82   0.00045084   0.00107724   0.00425497   0.03541177   0.87960961   0.07638369   0.00258408   0.00022782
  0.83   0.00041140   0.00099281   0.00399284   0.03419557   0.88265986   0.07506018   0.00247382   0.00021352
  0.84   0.00037543   0.00091510   0.00374749   0.03302612   0.88559253   0.07377342   0.00236964   0.00020028
  0.85   0.00034260   0.00084355   0.00351783   0.03190177   0.88841260   0.07252252   0.00227114   0.00018799
  0.86   0.00031267   0.00077771   0.00330285   0.03082076   0.89112498   0.07130646   0.00217799   0.00017658
  0.87   0.00028538   0.00071710   0.00310160   0.02978144   0.89373431   0.07012431   0.00208985   0.00016600
  0.88   0.00026048   0.00066129   0.00291317   0.02878230   0.89624498   0.06897521   0.00200641   0.00015616
  0.89   0.00023773   0.00060986   0.00273672   0.02782184   0.89866122   0.06785826   0.00192736   0.00014701
  0.90   0.00021700   0.00056253   0.00257150   0.02689845   0.90098710   0.06677246   0.00185246   0.00013849
  0.91   0.00019807   0.00051893   0.00241676   0.02601073   0.90322649   0.06571699   0.00178145   0.00013057
  0.92   0.00018080   0.00047876   0.00227181   0.02515731   0.90538309   0.06469096   0.00171409   0.00012319
  0.93   0.00016504   0.00044174   0.00213601   0.02433679   0.90746044   0.06369350   0.00165017   0.00011631
  0.94   0.00015066   0.00040765   0.00200879   0.02354788   0.90946191   0.06272375   0.00158948   0.00010989
  0.95   0.00013754   0.00037624   0.00188957   0.02278930   0.91139073   0.06178089   0.00153183   0.00010390
  0.96   0.00012558   0.00034730   0.00177784   0.02205983   0.91324998   0.06086411   0.00147705   0.00009831
  0.97   0.00011467   0.00032064   0.00167310   0.02135801   0.91504373   0.05997186   0.00142493   0.00009308
  0.98   0.00010472   0.00029607   0.00157487   0.02068264   0.91677501   0.05910321   0.00137530   0.00008819
  0.99   0.00009564   0.00027342   0.00148273   0.02003247   0.91844718   0.05825696   0.00132799   0.00008360
  1.00   0.00008735   0.00025254   0.00139625   0.01940620   0.92006386   0.05743168   0.00128282   0.00007929
