  0.00   0.12500000   0.12500000   0.12500000   0.12500000   0.12500000   0.12500000   0.12500000   0.12500000
  0.01   0.12473280   0.12484235   0.12493676   0.12501242   0.12507235   0.12511435   0.12514014   0.12514884
  0.02   0.12373070   0.12425662   0.12470825   0.12506793   0.12534979   0.12554333   0.12565676   0.12568662
  0.03   0.12204013   0.12327359   0.12433273   0.12517364   0.12582760   0.12626934   0.12651755   0.12656543
  0.04   0.11976068   0.12195004   0.12383421   0.12532867   0.12648432   0.12725381   0.12766889   0.12771938
  0.05   0.11700257   0.12034578   0.12323506   0.12552829   0.12729418   0.12845469   0.12905559   0.12908385
  0.06   0.11387207   0.11851713   0.12255493   0.12576622   0.12823138   0.12983169   0.13062626   0.13060031
  0.07   0.11047038   0.11651707   0.12181147   0.12603545   0.12927074   0.13134647   0.13233299   0.13221543
  0.08   0.10688309   0.11439001   0.12101890   0.12632930   0.13039042   0.13296654   0.13413589   0.13388584
  0.09   0.10318200   0.11217360   0.12018921   0.12664187   0.13157164   0.13466418   0.13600148   0.13557603
  0.10   0.09942186   0.10989757   0.11933222   0.12696862   0.13279936   0.13641733   0.13790357   0.13725947
  0.11   0.09566262   0.10759407   0.11845844   0.12730464   0.13405745   0.13820218   0.13981375   0.13890684
  0.12   0.09193957   0.10528383   0.11757534   0.12764710   0.13533536   0.14000314   0.14171414   0.14050152
  0.13   0.08829178   0.10298928   0.11669085   0.12799290   0.13662173   0.14180342   0.14358525   0.14202481
  0.14   0.08474133   0.10072492   0.11581080   0.12834041   0.13790911   0.14359189   0.14541487   0.14346666
  0.15   0.08130464   0.09850233   0.11494016   0.12868851   0.13919148   0.14535957   0.14719344   0.14481988
  0.16   0.07799835   0.09633324   0.11408392   0.12903603   0.14046273   0.14709736   0.14891123   0.14607715
  0.17   0.07482466   0.09422192   0.11324481   0.12938294   0.14172034   0.14880149   0.15056526   0.14723857
  0.18   0.07179232   0.09217581   0.11242641   0.12972866   0.14296023   0.15046594   0.15214967   0.14830096
  0.19   0.06889811   0.09019583   0.11163011   0.13007343   0.14418135   0.15208936   0.15366444   0.14926739
  0.20   0.06615084   0.08828956   0.11085961   0.13041669   0.14537957   0.15366559   0.15510356   0.15013459
  0.21   0.06353893   0.08645254   0.11011412   0.13075908   0.14655630   0.15519720   0.15647174   0.15091008
  0.22   0.06106669   0.08468984   0.10939643   0.13110035   0.14770858   0.15667986   0.15776526   0.15159299
  0.23   0.05872735   0.08299937   0.10870642   0.13144074   0.14883670   0.15811447   0.15898663   0.15218833
  0.24   0.05651408   0.08137901   0.10804394   0.13178049   0.14994096   0.15950194   0.16013845   0.15270113
  0.25   0.05442376   0.07982895   0.10740976   0.13211967   0.15102063   0.16084154   0.16122123   0.15313446
  0.26   0.05244733   0.07834468   0.10680233   0.13245842   0.15207712   0.16213606   0.16223957   0.15349451
  0.27   0.05058050   0.07692570   0.10622219   0.13279687   0.15310999   0.16338523   0.16319457   0.15378496
  0.28   0.04881638   0.07556826   0.10566783   0.13313497   0.15412035   0.16459144   0.16409005   0.15401072
  0.29   0.04714899   0.07427023   0.10513888   0.13347282   0.15510855   0.16575570   0.16492852   0.15417631
  0.30   0.04557283   0.07302891   0.10463437   0.13381037   0.15607526   0.16687963   0.16571282   0.15428580
  0.31   0.04408246   0.07184141   0.10415317   0.13414755   0.15702128   0.16796503   0.16644596   0.15434316
  0.32   0.04267176   0.07070528   0.10369464   0.13448441   0.15794710   0.16901319   0.16713067   0.15435295
  0.33   0.04133664   0.06961791   0.10325758   0.13482080   0.15885355   0.17002589   0.16776956   0.15431807
  0.34   0.04007196   0.06857667   0.10284097   0.13515667   0.15974135   0.17100474   0.16836536   0.15424228
  0.35   0.03887216   0.06757895   0.10244394   0.13549200   0.16061113   0.17195129   0.16892087   0.15412965
  0.36   0.03773493   0.06662274   0.10206533   0.13582661   0.16146370   0.17286708   0.16943794   0.15398167
  0.37   0.03665483   0.06570537   0.10170420   0.13616047   0.16229973   0.17375370   0.16991939   0.15380230
  0.38   0.03562774   0.06482452   0.10135956   0.13649350   0.16311993   0.17461269   0.17036758   0.15359448
  0.39   0.03465181   0.06397865   0.10103054   0.13682557   0.16392494   0.17544524   0.17078392   0.15335932
  0.40   0.03372233   0.06316522   0.10071611   0.13715662   0.16471547   0.17625296   0.17117104   0.15310024
  0.41   0.03283638   0.06238240   0.10041544   0.13748657   0.16549216   0.17703714   0.17153072   0.15281920
  0.42   0.03199213   0.06162883   0.10012779   0.13781535   0.16625555   0.17779880   0.17186423   0.15251732
  0.43   0.03118573   0.06090227   0.09985220   0.13814287   0.16700635   0.17853943   0.17217383   0.15219731
  0.44   0.03041547   0.06020150   0.09958805   0.13846909   0.16774505   0.17925997   0.17246065   0.15186022
  0.45   0.02967932   0.05952515   0.09933466   0.13879395   0.16847217   0.17996141   0.17272600   0.15150734
  0.46   0.02897417   0.05887130   0.09909115   0.13911737   0.16918837   0.18064507   0.17297177   0.15114079
  0.47   0.02829861   0.05823894   0.09885699   0.13943933   0.16989407   0.18131176   0.17319890   0.15076140
  0.48   0.02765125   0.05762704   0.09863169   0.13975980   0.17058973   0.18196223   0.17340831   0.15036996
  0.49   0.02702946   0.05703395   0.09841444   0.14007871   0.17127591   0.18259767   0.17360163   0.14996824
  0.50   0.02643205   0.05645877   0.09820479   0.14039605   0.17195303   0.18321876   0.17377964   0.14955690
  0.51   0.02585807   0.05590079   0.09800238   0.14071182   0.17262143   0.18382610   0.17394299   0.14913642
  0.52   0.02530539   0.05535858   0.09780651   0.14102597   0.17328165   0.18442070   0.17409303   0.14870818
  0.53   0.02477293   0.05483136   0.09761679   0.14133849   0.17393404   0.18500317   0.17423046   0.14827276
  0.54   0.02426007   0.05431863   0.09743295   0.14164939   0.17457889   0.18557395   0.17435570   0.14783043
  0.55   0.02376507   0.05381918   0.09725439   0.14195865   0.17521666   0.18613392   0.17446986   0.14738226
  0.56   0.02328700   0.05333235   0.09708079   0.14226626   0.17584769   0.18668361   0.17457355   0.14692875
  0.57   0.02282541   0.05285774   0.09691194   0.14257225   0.17647218   0.18722334   0.17466707   0.14647005
  0.58   0.02237891   0.05239438   0.09674735   0.14287660   0.17709058   0.18775388   0.17475132   0.14600699
  0.59   0.02194672   0.05194170   0.09658673   0.14317931   0.17770314   0.18827566   0.17482679   0.14553994
  0.60   0.02152859   0.05149946   0.09642996   0.14348043   0.17831004   0.18878890   0.17489364   0.14506897
  0.61   0.02112329   0.05106679   0.09627661   0.14377992   0.17891167   0.18929427   0.17495268   0.14459476
  0.62   0.02072997   0.05064305   0.09612635   0.14407781   0.17950832   0.18979228   0.17500445   0.14411777
  0.63   0.02034864   0.05022822   0.09597917   0.14437412   0.18010007   0.19028296   0.17504893   0.14363788
  0.64   0.01997840   0.04982163   0.09583474   0.14466887   0.18068723   0.19076686   0.17508671   0.14315557
  0.65   0.01961848   0.04942272   0.09569276   0.14496205   0.18127008   0.19124440   0.17511827   0.14267123
  0.66   0.01926852   0.04903119   0.09555311   0.14525370   0.18184879   0.19171584   0.17514385   0.14218500
  0.67   0.01892834   0.04864689   0.09541570   0.14554383   0.18242347   0.19218131   0.17516354   0.14169692
  0.68   0.01859715   0.04826925   0.09528023   0.14583246   0.18299441   0.19264127   0.17517786   0.14120737
  0.69   0.01827441   0.04789784   0.09514651   0.14611959   0.18356182   0.19309606   0.17518715   0.14071661
  0.70   0.01796025   0.04753275   0.09501458   0.14640527   0.18412571   0.19354564   0.17519130   0.14022450
  0.71   0.01765396   0.04717344   0.09488417   0.14668950   0.18468635   0.19399042   0.17519077   0.13973139
  0.72   0.01735512   0.04681960   0.09475512   0.14697231   0.18524391   0.19443066   0.17518582   0.13923746
  0.73   0.01706349   0.04647100   0.09462731   0.14725371   0.18579855   0.19486658   0.17517661   0.13874277
  0.74   0.01677882   0.04612739   0.09450060   0.14753373   0.18635042   0.19529836   0.17516328   0.13824739
  0.75   0.01650064   0.04578846   0.09437484   0.14781240   0.18689972   0.19572627   0.17514614   0.13775153
  0.76   0.01622869   0.04545398   0.09424993   0.14808972   0.18744655   0.19615051   0.17512533   0.13725530
  0.77   0.01596336   0.04512446   0.09412621   0.14836569   0.18799059   0.19657061   0.17510054   0.13675855
  0.78   0.01570399   0.04479932   0.09400335   0.14864034   0.18853220   0.19698709   0.17507221   0.13626153
  0.79   0.01545032   0.04447835   0.09388126   0.14891368   0.18907147   0.19740009   0.17504047   0.13576435
  0.80   0.01520210   0.04416139   0.09375987   0.14918574   0.18960852   0.19780977   0.17500550   0.13526711
  0.81   0.01495918   0.04384816   0.09363897   0.14945654   0.19014357   0.19821637   0.17496741   0.13476980
  0.82   0.01472130   0.04353849   0.09351850   0.14972611   0.19067672   0.19862002   0.17492634   0.13427252
  0.83   0.01448819   0.04323219   0.09339837   0.14999445   0.19120807   0.19902089   0.17488245   0.13377538
  0.84   0.01425962   0.04292907   0.09327849   0.15026159   0.19173774   0.19941913   0.17483590   0.13327846
  0.85   0.01403561   0.04262920   0.09315890   0.15052753   0.19226568   0.19981469   0.17478664   0.13278175
  0.86   0.01381622   0.04233269   0.09303972   0.15079228   0.19279182   0.20020745   0.17473459   0.13228523
  0.87   0.01360109   0.04203923   0.09292076   0.15105585   0.19331636   0.20059770   0.17467999   0.13178902
  0.88   0.01339005   0.04174868   0.09280196   0.15131828   0.19383937   0.20098553   0.17462295   0.13129318
  0.89   0.01318296   0.04146095   0.09268329   0.15157955   0.19436092   0.20137103   0.17456353   0.13079776
  0.90   0.01297987   0.04117606   0.09256474   0.15183969   0.19488101   0.20175418   0.17450172   0.13030273
  0.91   0.01278053   0.04089384   0.09244624   0.15209871   0.19539975   0.20213513   0.17443764   0.12980817
  0.92   0.01258481   0.04061419   0.09232775   0.15235662   0.19591718   0.20251395   0.17437137   0.12931413
  0.93   0.01239256   0.04033700   0.09220922   0.15261343   0.19643338   0.20289074   0.17430300   0.12882066
  0.94   0.01220383   0.04006231   0.09209067   0.15286916   0.19694834   0.20326547   0.17423250   0.12832773
  0.95   0.01201846   0.03979001   0.09197206   0.15312380   0.19746212   0.20363822   0.17415994   0.12783539
  0.96   0.01183632   0.03951999   0.09185333   0.15337739   0.19797479   0.20400909   0.17408541   0.12734369
  0.97   0.01165731   0.03925218   0.09173446   0.15362992   0.19848640   0.20437813   0.17400896   0.12685265
  0.98   0.01148135   0.03898656   0.09161543   0.15388140   0.19899696   0.20474537   0.17393062   0.12636230
  0.99   0.01130845   0.03872315   0.09149629   0.15413184   0.19950646   0.20511079   0.17385038   0.12587264
  1.00   0.01113851   0.03846188   0.09137700   0.15438124   0.20001492   0.20547443   0.17376830   0.12538371
