  0.00   0.33333333   0.33333333   0.33333333
  0.01   0.33333883   0.33333806   0.33332312
  0.02   0.33337516   0.33336954   0.33325529
  0.03   0.33346895   0.33345144   0.33307961
  0.04   0.33363695   0.33359905   0.33276400
  0.05   0.33389722   0.33382924   0.33227353
  0.06   0.33426925   0.33416063   0.33157012
  0.07   0.33476465   0.33460455   0.33063080
  0.08   0.33538803   0.33516699   0.32944498
  0.09   0.33614267   0.33585170   0.32800563
  0.10   0.33703463   0.33666581   0.32629956
  0.11   0.33806838   0.33761574   0.32431587
  0.12   0.33924386   0.33870427   0.32205187
  0.13   0.34056147   0.33993285   0.31950567
  0.14   0.34202006   0.34129997   0.31667997
  0.15   0.34361275   0.34280702   0.31358023
  0.16   0.34534273   0.34445335   0.31020392
  0.17   0.34719996   0.34623520   0.30656483
  0.18   0.34917857   0.34815038   0.30267106
  0.19   0.35128238   0.35020017   0.29851744
  0.20   0.35348281   0.35236990   0.29414729
  0.21   0.35579260   0.35466610   0.28954131
  0.22   0.35819830   0.35708084   0.28472086
  0.23   0.36068045   0.35960311   0.27971644
  0.24   0.36323893   0.36223324   0.27452783
  0.25   0.36586600   0.36496697   0.26916704
  0.26   0.36854934   0.36779698   0.26365368
  0.27   0.37127046   0.37071187   0.25801767
  0.28   0.37402564   0.37371005   0.25226431
  0.29   0.37680512   0.37678588   0.24640900
  0.30   0.37959796   0.37993319   0.24046886
  0.31   0.38238718   0.38314272   0.23447011
  0.32   0.38516562   0.38641016   0.22842422
  0.33   0.38792243   0.38972937   0.22234820
  0.34   0.39064677   0.39309417   0.21625906
  0.35   0.39333017   0.39650255   0.21016728
  0.36   0.39596092   0.39994686   0.20409222
  0.37   0.39852847   0.40342146   0.19805007
  0.38   0.40102226   0.40692069   0.19205705
  0.39   0.40344047   0.41044698   0.18611255
  0.40   0.40577190   0.41399412   0.18023397
  0.41   0.40800615   0.41755657   0.17443728
  0.42   0.41013400   0.42112994   0.16873606
  0.43   0.41216286   0.42472296   0.16311418
  0.44   0.41408512   0.42833251   0.15758237
  0.45   0.41588662   0.43195028   0.15216310
  0.46   0.41755986   0.43557321   0.14686693
  0.47   0.41909733   0.43919825   0.14170442
  0.48   0.42049153   0.44282235   0.13668612
  0.49   0.42175353   0.44645573   0.13179074
  0.50   0.42289178   0.45010675   0.12700147
  0.51   0.42388533   0.45376272   0.12235195
  0.52   0.42472941   0.45742257   0.11784802
  0.53   0.42541927   0.46108521   0.11349552
  0.54   0.42595015   0.46474956   0.10930029
  0.55   0.42632644   0.46842330   0.10525026
  0.56   0.42657035   0.47212696   0.10130269
  0.57   0.42666505   0.47584281   0.09749213
  0.58   0.42661056   0.47957084   0.09381860
  0.59   0.42640686   0.48331105   0.09028208
  0.60   0.42605396   0.48706345   0.08688259
  0.61   0.42555649   0.49085015   0.08359336
  0.62   0.42491219   0.49466036   0.08042746
  0.63   0.42412040   0.49849097   0.07738863
  0.64   0.42318113   0.50234198   0.07447689
  0.65   0.42209438   0.50621339   0.07169223
  0.66   0.42086746   0.51011405   0.06901849
  0.67   0.41950794   0.51405308   0.06643898
  0.68   0.41800816   0.51802124   0.06397061
  0.69   0.41636810   0.52201851   0.06161339
  0.70   0.41459053   0.52604684   0.05936263
  0.71   0.41269529   0.53012029   0.05718442
  0.72   0.41066888   0.53422931   0.05510180
  0.73   0.40851132   0.53837390   0.05311478
  0.74   0.40622260   0.54255405   0.05122335
  0.75   0.40382524   0.54677900   0.04939576
  0.76   0.40131052   0.55104518   0.04764430
  0.77   0.39867506   0.55535119   0.04597375
  0.78   0.39591885   0.55969704   0.04438412
  0.79   0.39305709   0.56408519   0.04285772
  0.80   0.39009594   0.56851664   0.04138742
  0.81   0.38702549   0.57298978   0.03998474
  0.82   0.38384572   0.57750461   0.03864967
  0.83   0.38056144   0.58206026   0.03737831
  0.84   0.37719010   0.58665441   0.03615549
  0.85   0.37372472   0.59128922   0.03498607
  0.86   0.37016802   0.59596466   0.03386732
  0.87   0.36652274   0.60068071   0.03279656
  0.88   0.36279160   0.60543734   0.03177107
  0.89   0.35897735   0.61023447   0.03078817
  0.90   0.35508899   0.61505956   0.02985145
  0.91   0.35112576   0.61991955   0.02895469
  0.92   0.34709076   0.62481364   0.02809559
  0.93   0.34298713   0.62974104   0.02727183
  0.94   0.33881796   0.63470095   0.02648109
  0.95   0.33458638   0.63969256   0.02572106
  0.96   0.33029813   0.64470808   0.02499379
  0.97   0.32595636   0.64974662   0.02429702
  0.98   0.32156393   0.65480807   0.02362800
  0.99   0.31712432   0.65989066   0.02298502
  1.00   0.31264102   0.66499259   0.02236639
