  0.00   0.33333333   0.33333333   0.33333333
  0.01   0.33334699   0.33335748   0.33329553
  0.02   0.33343444   0.33351690   0.33304865
  0.03   0.33365147   0.33392751   0.33242102
  0.04   0.33403392   0.33467808   0.33128800
  0.05   0.33459811   0.33583260   0.32956929
  0.06   0.33535128   0.33745631   0.32719241
  0.07   0.33629143   0.33958409   0.32412448
  0.08   0.33740161   0.34226075   0.32033764
  0.09   0.33866198   0.34550293   0.31583509
  0.10   0.34004753   0.34933302   0.31061946
  0.11   0.34151573   0.35377018   0.30471409
  0.12   0.34297413   0.35882861   0.29819726
  0.13   0.34444211   0.36450448   0.29105341
  0.14   0.34585675   0.37079685   0.28334641
  0.15   0.34711942   0.37770738   0.27517321
  0.16   0.34828177   0.38523449   0.26648374
  0.17   0.34912102   0.39335878   0.25752020
  0.18   0.34973142   0.40208847   0.24818011
  0.19   0.34998205   0.41139961   0.23861834
  0.20   0.34981490   0.42128161   0.22890349
  0.21   0.34926293   0.43173550   0.21900157
  0.22   0.34819503   0.44271295   0.20909203
  0.23   0.34659053   0.45421792   0.19919155
  0.24   0.34439959   0.46623706   0.18936335
  0.25   0.34159961   0.47874516   0.17965522
  0.26   0.33820988   0.49169883   0.17009129
  0.27   0.33415867   0.50509420   0.16074712
  0.28   0.32941042   0.51891172   0.15167786
  0.29   0.32399930   0.53311172   0.14288898
  0.30   0.31798885   0.54764608   0.13436506
  0.31   0.31131270   0.56250413   0.12618317
  0.32   0.30396116   0.57765882   0.11838001
  0.33   0.29601000   0.59305851   0.11093149
  0.34   0.28753379   0.60865185   0.10381436
  0.35   0.27851771   0.62441330   0.09706898
  0.36   0.26902379   0.64029194   0.09068426
  0.37   0.25915261   0.65622235   0.08462504
  0.38   0.24891921   0.67217124   0.07890955
  0.39   0.23838310   0.68808720   0.07352970
  0.40   0.22764529   0.70389828   0.06845643
  0.41   0.21674449   0.71956335   0.06369216
  0.42   0.20574238   0.73503011   0.05922751
  0.43   0.19471997   0.75023952   0.05504051
  0.44   0.18373396   0.76514100   0.05112503
  0.45   0.17284901   0.77968124   0.04746975
  0.46   0.16211059   0.79383102   0.04405839
  0.47   0.15158446   0.80753565   0.04087990
  0.48   0.14133207   0.82074581   0.03792213
  0.49   0.13132914   0.83349717   0.03517369
  0.50   0.12163997   0.84573790   0.03262213
  0.51   0.11233384   0.85741122   0.03025495
  0.52   0.10346056   0.86847958   0.02805985
  0.53   0.09506999   0.87890543   0.02602457
  0.54   0.08711167   0.88874691   0.02414142
  0.55   0.07960177   0.89799858   0.02239965
  0.56   0.07258257   0.90663010   0.02078733
  0.57   0.06602144   0.91468092   0.01929764
  0.58   0.05988864   0.92218782   0.01792353
  0.59   0.05420826   0.92913792   0.01665381
  0.60   0.04896072   0.93555778   0.01548150
  0.61   0.04410597   0.94149193   0.01440209
  0.62   0.03964915   0.94694523   0.01340562
  0.63   0.03557294   0.95194168   0.01248537
  0.64   0.03183998   0.95652086   0.01163916
  0.65   0.02844252   0.96069936   0.01085812
  0.66   0.02536202   0.96450199   0.01013599
  0.67   0.02256862   0.96795895   0.00947243
  0.68   0.02004647   0.97109376   0.00885977
  0.69   0.01777516   0.97393213   0.00829272
  0.70   0.01573558   0.97649323   0.00777119
  0.71   0.01390727   0.97880299   0.00728974
  0.72   0.01226999   0.98088626   0.00684375
  0.73   0.01080980   0.98275859   0.00643161
  0.74   0.00951274   0.98443557   0.00605169
  0.75   0.00835789   0.98594264   0.00569947
  0.76   0.00732937   0.98729839   0.00537224
  0.77   0.00642078   0.98850937   0.00506984
  0.78   0.00561461   0.98959627   0.00478912
  0.79   0.00490338   0.99056772   0.00452890
  0.80   0.00427725   0.99143514   0.00428761
  0.81   0.00372494   0.99221164   0.00406342
  0.82   0.00324204   0.99290254   0.00385542
  0.83   0.00281756   0.99352058   0.00366186
  0.84   0.00244609   0.99407217   0.00348174
  0.85   0.00212153   0.99456450   0.00331397
  0.86   0.00183837   0.99500403   0.00315760
  0.87   0.00159168   0.99539655   0.00301177
  0.88   0.00137690   0.99574745   0.00287565
  0.89   0.00119022   0.99606126   0.00274852
  0.90   0.00102789   0.99634245   0.00262966
  0.91   0.00088712   0.99659439   0.00251848
  0.92   0.00076485   0.99682078   0.00241437
  0.93   0.00065909   0.99702406   0.00231685
  0.94   0.00056722   0.99720741   0.00222537
  0.95   0.00048795   0.99737251   0.00213954
  0.96   0.00041954   0.99752152   0.00205894
  0.97   0.00036043   0.99765638   0.00198319
  0.98   0.00030954   0.99777850   0.00191196
  0.99   0.00026564   0.99788943   0.00184493
  1.00   0.00022790   0.99799029   0.00178181
