  0.00   0.12500000   0.12500000   0.12500000   0.12500000   0.12500000   0.12500000   0.12500000   0.12500000
  0.01   0.12503758   0.12504605   0.12505441   0.12506230   0.12506365   0.12502564   0.12494505   0.12476532
  0.02   0.12525098   0.12531701   0.12538263   0.12544517   0.12546016   0.12517852   0.12459506   0.12337047
  0.03   0.12569761   0.12591686   0.12613627   0.12634742   0.12640795   0.12550782   0.12371560   0.12027046
  0.04   0.12632768   0.12683846   0.12735439   0.12785641   0.12801868   0.12598124   0.12213422   0.11548892
  0.05   0.12702594   0.12800603   0.12900779   0.12999544   0.13034536   0.12651742   0.11974218   0.10935985
  0.06   0.12764384   0.12930243   0.13102261   0.13274536   0.13340366   0.12701366   0.11651664   0.10235181
  0.07   0.12803057   0.13059792   0.13330694   0.13607000   0.13719725   0.12737019   0.11250917   0.09491797
  0.08   0.12805217   0.13176555   0.13576304   0.13992722   0.14172984   0.12750409   0.10783692   0.08742117
  0.09   0.12760706   0.13269447   0.13829744   0.14427719   0.14701437   0.12735708   0.10265019   0.08010220
  0.10   0.12661685   0.13328650   0.14082050   0.14908158   0.15307030   0.12688611   0.09710505   0.07313311
  0.11   0.12503560   0.13346187   0.14324773   0.15430293   0.15992551   0.12606685   0.09135276   0.06660674
  0.12   0.12285156   0.13316205   0.14550006   0.15990121   0.16761355   0.12489174   0.08552434   0.06055550
  0.13   0.12007184   0.13234199   0.14750150   0.16583147   0.17616794   0.12336053   0.07973253   0.05499220
  0.14   0.11673008   0.13097597   0.14918100   0.17204196   0.18562208   0.12148387   0.07406673   0.04989831
  0.15   0.11288239   0.12905935   0.15047408   0.17846884   0.19600236   0.11927968   0.06858762   0.04524567
  0.16   0.10860182   0.12660948   0.15132635   0.18503372   0.20732203   0.11677146   0.06333080   0.04100434
  0.17   0.10394559   0.12362919   0.15167978   0.19166724   0.21959918   0.11397792   0.05835131   0.03714980
  0.18   0.09900684   0.12017291   0.15150495   0.19826823   0.23281869   0.11093141   0.05364840   0.03364856
  0.19   0.09385561   0.11626810   0.15076207   0.20475378   0.24697869   0.10765692   0.04925173   0.03047310
  0.20   0.08858073   0.11199083   0.14945268   0.21101458   0.26203236   0.10419073   0.04514411   0.02759397
  0.21   0.08325524   0.10739054   0.14756279   0.21695946   0.27795142   0.10056270   0.04133379   0.02498407
  0.22   0.07794872   0.10254796   0.14512328   0.22248821   0.29466248   0.09680901   0.03780061   0.02261974
  0.23   0.07272513   0.09752459   0.14214858   0.22751367   0.31211041   0.09296154   0.03453926   0.02047683
  0.24   0.06763083   0.09239341   0.13869151   0.23195811   0.33020468   0.08905362   0.03153142   0.01853641
  0.25   0.06270393   0.08721188   0.13479877   0.23576401   0.34886266   0.08511431   0.02876456   0.01677987
  0.26   0.05796963   0.08203699   0.13053455   0.23888623   0.36798665   0.08117175   0.02622267   0.01519154
  0.27   0.05348450   0.07693617   0.12593107   0.24124194   0.38750489   0.07725857   0.02389332   0.01374955
  0.28   0.04922067   0.07192511   0.12107613   0.24287531   0.40730712   0.07338736   0.02176039   0.01244791
  0.29   0.04521689   0.06706350   0.11601777   0.24372690   0.42730927   0.06958759   0.01980987   0.01126822
  0.30   0.04148440   0.06238771   0.11081271   0.24378617   0.44742412   0.06587962   0.01802792   0.01019734
  0.31   0.03798846   0.05788934   0.10552338   0.24313139   0.46756793   0.06226616   0.01640216   0.00923117
  0.32   0.03475298   0.05361845   0.10020692   0.24172597   0.48765056   0.05877299   0.01491808   0.00835406
  0.33   0.03175751   0.04956843   0.09490247   0.23963482   0.50760880   0.05540217   0.01356553   0.00756027
  0.34   0.02898670   0.04574023   0.08965311   0.23690996   0.52737447   0.05215903   0.01233364   0.00684286
  0.35   0.02644068   0.04215746   0.08451310   0.23356455   0.54686512   0.04905857   0.01120938   0.00619114
  0.36   0.02409398   0.03878714   0.07947826   0.22969523   0.56606482   0.04608846   0.01018831   0.00560379
  0.37   0.02194067   0.03564502   0.07460063   0.22532936   0.58489438   0.04326053   0.00925797   0.00507144
  0.38   0.01996789   0.03272397   0.06989889   0.22052263   0.60331296   0.04057429   0.00841051   0.00458887
  0.39   0.01816121   0.03000465   0.06536755   0.21534194   0.62130799   0.03802181   0.00764132   0.00415352
  0.40   0.01650885   0.02748797   0.06104120   0.20983558   0.63881997   0.03560753   0.00694043   0.00375846
  0.41   0.01500034   0.02515906   0.05691040   0.20405478   0.65584573   0.03332421   0.00630398   0.00340150
  0.42   0.01362403   0.02300778   0.05298183   0.19805260   0.67236064   0.03116858   0.00572584   0.00307869
  0.43   0.01236818   0.02102599   0.04926753   0.19188092   0.68833379   0.02913880   0.00519919   0.00278560
  0.44   0.01122605   0.01920087   0.04574844   0.18557176   0.70378253   0.02722665   0.00472224   0.00252146
  0.45   0.01018564   0.01752316   0.04243494   0.17917918   0.71867713   0.02542970   0.00428831   0.00228193
  0.46   0.00923892   0.01598298   0.03932075   0.17273807   0.73301780   0.02374268   0.00389387   0.00206493
  0.47   0.00837939   0.01457073   0.03639490   0.16627556   0.74681435   0.02215960   0.00353640   0.00186907
  0.48   0.00759688   0.01327611   0.03365797   0.15983771   0.76005305   0.02067618   0.00321089   0.00169122
  0.49   0.00688737   0.01209197   0.03109744   0.15343644   0.77275312   0.01928697   0.00291598   0.00153071
  0.50   0.00624305   0.01100889   0.02870781   0.14710512   0.78491457   0.01798698   0.00264815   0.00138543
  0.51   0.00565710   0.01001823   0.02648252   0.14087144   0.79654147   0.01677128   0.00240439   0.00125358
  0.52   0.00512687   0.00911483   0.02441072   0.13473853   0.80765512   0.01563540   0.00218381   0.00113472
  0.53   0.00464500   0.00828951   0.02248599   0.12873739   0.81825781   0.01457425   0.00198315   0.00102691
  0.54   0.00420790   0.00753671   0.02069994   0.12287641   0.82836508   0.01358367   0.00180094   0.00092933
  0.55   0.00381218   0.00685108   0.01904410   0.11716313   0.83799294   0.01265954   0.00163582   0.00084121
  0.56   0.00345228   0.00622502   0.01751058   0.11161768   0.84715076   0.01179708   0.00148543   0.00076116
  0.57   0.00312717   0.00565616   0.01609242   0.10623343   0.85585892   0.01099350   0.00134938   0.00068901
  0.58   0.00283220   0.00513783   0.01478150   0.10102521   0.86412958   0.01024429   0.00122575   0.00062364
  0.59   0.00256421   0.00466521   0.01357046   0.09599913   0.87197772   0.00954575   0.00111321   0.00056430
  0.60   0.00232181   0.00423578   0.01245339   0.09115096   0.87942087   0.00889524   0.00101123   0.00051072
  0.61   0.00210226   0.00384519   0.01142318   0.08648454   0.88647466   0.00828927   0.00091867   0.00046223
  0.62   0.00190333   0.00348997   0.01047386   0.08200048   0.89315448   0.00772491   0.00083462   0.00041835
  0.63   0.00172306   0.00316700   0.00959980   0.07769810   0.89947573   0.00719941   0.00075827   0.00037862
  0.64   0.00155991   0.00287362   0.00879543   0.07357423   0.90545490   0.00671020   0.00068901   0.00034269
  0.65   0.00141203   0.00260693   0.00805571   0.06962833   0.91110602   0.00625477   0.00062607   0.00031015
  0.66   0.00127815   0.00236473   0.00737585   0.06585600   0.91644474   0.00583089   0.00056894   0.00028070
  0.67   0.00115701   0.00214492   0.00675140   0.06225321   0.92148585   0.00543644   0.00051709   0.00025408
  0.68   0.00104724   0.00194523   0.00617801   0.05881742   0.92624284   0.00506931   0.00046999   0.00022996
  0.69   0.00094792   0.00176404   0.00565187   0.05554313   0.93072999   0.00472768   0.00042723   0.00020815
  0.70   0.00085801   0.00159962   0.00516925   0.05242600   0.93496054   0.00440977   0.00038841   0.00018841
  0.71   0.00077658   0.00145035   0.00472667   0.04946163   0.93894721   0.00411389   0.00035314   0.00017054
  0.72   0.00070291   0.00131497   0.00432106   0.04664433   0.94270267   0.00383855   0.00032112   0.00015438
  0.73   0.00063618   0.00119209   0.00394935   0.04396962   0.94623874   0.00358226   0.00029202   0.00013975
  0.74   0.00057577   0.00108061   0.00360886   0.04143197   0.94956700   0.00334371   0.00026559   0.00012650
  0.75   0.00052111   0.00097951   0.00329710   0.03902598   0.95269854   0.00312167   0.00024158   0.00011452
  0.76   0.00047155   0.00088770   0.00301156   0.03674704   0.95564388   0.00291489   0.00021973   0.00010365
  0.77   0.00042669   0.00080444   0.00275026   0.03458932   0.95841322   0.00272238   0.00019989   0.00009382
  0.78   0.00038617   0.00072905   0.00251132   0.03254721   0.96101625   0.00254318   0.00018188   0.00008494
  0.79   0.00034940   0.00066056   0.00229259   0.03061661   0.96346225   0.00237622   0.00016548   0.00007688
  0.80   0.00031613   0.00059847   0.00209258   0.02879195   0.96575999   0.00222072   0.00015058   0.00006958
  0.81   0.00028608   0.00054228   0.00190986   0.02706797   0.96791782   0.00207593   0.00013706   0.00006300
  0.82   0.00025890   0.00049135   0.00174285   0.02544025   0.96994381   0.00194104   0.00012477   0.00005704
  0.83   0.00023426   0.00044513   0.00159014   0.02390436   0.97184559   0.00181530   0.00011359   0.00005163
  0.84   0.00021199   0.00040330   0.00145072   0.02245545   0.97363020   0.00169816   0.00010343   0.00004675
  0.85   0.00019188   0.00036544   0.00132346   0.02108916   0.97530449   0.00158902   0.00009421   0.00004234
  0.86   0.00017364   0.00033107   0.00120711   0.01980165   0.97687517   0.00148721   0.00008581   0.00003834
  0.87   0.00015714   0.00029994   0.00110090   0.01858868   0.97834815   0.00139229   0.00007817   0.00003472
  0.88   0.00014224   0.00027177   0.00100404   0.01744635   0.97972910   0.00130381   0.00007124   0.00003145
  0.89   0.00012872   0.00024619   0.00091551   0.01637103   0.98102394   0.00122122   0.00006491   0.00002848
  0.90   0.00011648   0.00022302   0.00083470   0.01535911   0.98223757   0.00114417   0.00005916   0.00002579
  0.91   0.00010542   0.00020204   0.00076102   0.01440718   0.98337478   0.00107228   0.00005393   0.00002336
  0.92   0.00009539   0.00018301   0.00069375   0.01351195   0.98444041   0.00100517   0.00004916   0.00002116
  0.93   0.00008631   0.00016575   0.00063233   0.01267030   0.98543884   0.00094249   0.00004482   0.00001916
  0.94   0.00007810   0.00015012   0.00057634   0.01187925   0.98637399   0.00088397   0.00004087   0.00001735
  0.95   0.00007068   0.00013598   0.00052528   0.01113596   0.98724981   0.00082931   0.00003728   0.00001572
  0.96   0.00006393   0.00012312   0.00047863   0.01043768   0.98807021   0.00077820   0.00003399   0.00001423
  0.97   0.00005784   0.00011149   0.00043610   0.00978188   0.98883835   0.00073045   0.00003101   0.00001289
  0.98   0.00005234   0.00010098   0.00039740   0.00916615   0.98955732   0.00068585   0.00002829   0.00001167
  0.99   0.00004738   0.00009148   0.00036215   0.00858817   0.99023026   0.00064416   0.00002582   0.00001058
  1.00   0.00004289   0.00008288   0.00033001   0.00804573   0.99086017   0.00060517   0.00002358   0.00000959
