  0.00   0.12500000   0.12500000   0.12500000   0.12500000   0.12500000   0.12500000   0.12500000   0.12500000
  0.01   0.12503779   0.12504032   0.12504610   0.12505124   0.12504954   0.12501645   0.12495054   0.12480801
  0.02   0.12524834   0.12526709   0.12531015   0.12534858   0.12533672   0.12509838   0.12464464   0.12374611
  0.03   0.12567391   0.12573262   0.12586801   0.12598959   0.12595445   0.12523005   0.12393025   0.12162112
  0.04   0.12629347   0.12642402   0.12672661   0.12700033   0.12692584   0.12535884   0.12272376   0.11854714
  0.05   0.12705174   0.12729303   0.12785583   0.12836936   0.12823764   0.12541757   0.12100080   0.11477403
  0.06   0.12788967   0.12828526   0.12921473   0.13007128   0.12986391   0.12535355   0.11878986   0.11053173
  0.07   0.12874242   0.12934005   0.13075581   0.13207515   0.13177371   0.12511780   0.11614526   0.10604980
  0.08   0.12955458   0.13040409   0.13243498   0.13435114   0.13393826   0.12468230   0.11314571   0.10148894
  0.09   0.13028155   0.13143320   0.13421431   0.13687448   0.13633451   0.12403594   0.10987443   0.09695158
  0.10   0.13088537   0.13238895   0.13605978   0.13962340   0.13894283   0.12317493   0.10640880   0.09251594
  0.11   0.13133897   0.13324225   0.13794355   0.14258083   0.14174889   0.12210859   0.10282039   0.08821653
  0.12   0.13162422   0.13397173   0.13984283   0.14573337   0.14474260   0.12085242   0.09916451   0.08406831
  0.13   0.13173177   0.13456355   0.14173917   0.14907014   0.14791695   0.11942558   0.09547837   0.08007447
  0.14   0.13164341   0.13499628   0.14360943   0.15257714   0.15126127   0.11784181   0.09181573   0.07625492
  0.15   0.13136257   0.13526716   0.14544122   0.15624635   0.15477244   0.11612329   0.08818913   0.07259783
  0.16   0.13087857   0.13536131   0.14721522   0.16006579   0.15844237   0.11428657   0.08463833   0.06911185
  0.17   0.13020166   0.13528235   0.14892226   0.16402751   0.16226868   0.11235093   0.08116296   0.06578365
  0.18   0.12932879   0.13502215   0.15054679   0.16812101   0.16624539   0.11033407   0.07778833   0.06261347
  0.19   0.12827285   0.13458742   0.15208132   0.17233697   0.17036918   0.10825059   0.07451041   0.05959127
  0.20   0.12703698   0.13397578   0.15351347   0.17666549   0.17463520   0.10611734   0.07134304   0.05671269
  0.21   0.12563477   0.13319556   0.15483715   0.18109573   0.17903884   0.10394486   0.06828230   0.05397079
  0.22   0.12407420   0.13224950   0.15604329   0.18561732   0.18357529   0.10174693   0.06533368   0.05135978
  0.23   0.12237107   0.13115027   0.15713035   0.19021742   0.18823811   0.09952776   0.06249034   0.04887467
  0.24   0.12053249   0.12989893   0.15808751   0.19488642   0.19302318   0.09730356   0.05975897   0.04650894
  0.25   0.11856856   0.12850058   0.15890717   0.19961359   0.19792557   0.09508635   0.05714155   0.04425662
  0.26   0.11649650   0.12697282   0.15959546   0.20438472   0.20293708   0.09287242   0.05462683   0.04211418
  0.27   0.11432588   0.12531980   0.16014375   0.20918933   0.20805305   0.09067496   0.05221778   0.04007545
  0.28   0.11206790   0.12354849   0.16054650   0.21401617   0.21326806   0.08850366   0.04991439   0.03813482
  0.29   0.10973506   0.12167195   0.16080872   0.21885297   0.21857462   0.08635771   0.04771028   0.03628870
  0.30   0.10733956   0.11970145   0.16093222   0.22368770   0.22396587   0.08423945   0.04560086   0.03453289
  0.31   0.10489295   0.11764451   0.16091192   0.22850894   0.22943628   0.08215797   0.04358557   0.03286185
  0.32   0.10240561   0.11551120   0.16075059   0.23330568   0.23497915   0.08011533   0.04166073   0.03127171
  0.33   0.09988543   0.11331260   0.16045794   0.23806806   0.24058702   0.07810789   0.03982092   0.02976014
  0.34   0.09734503   0.11105789   0.16003045   0.24278400   0.24625388   0.07614290   0.03806400   0.02832185
  0.35   0.09479481   0.10875676   0.15947007   0.24744258   0.25197320   0.07422316   0.03638663   0.02695280
  0.36   0.09223593   0.10641538   0.15878958   0.25203892   0.25773885   0.07234380   0.03478559   0.02565195
  0.37   0.08968126   0.10404439   0.15798804   0.25656048   0.26354418   0.07050968   0.03325750   0.02441446
  0.38   0.08713976   0.10165295   0.15706907   0.26099724   0.26938275   0.06872243   0.03179904   0.02323675
  0.39   0.08460631   0.09924076   0.15604517   0.26535157   0.27525113   0.06697747   0.03040890   0.02211869
  0.40   0.08209095   0.09681771   0.15491927   0.26961252   0.28114263   0.06527689   0.02908360   0.02105643
  0.41   0.07960390   0.09439379   0.15369419   0.27376899   0.28705051   0.06362289   0.02781964   0.02004609
  0.42   0.07715242   0.09197698   0.15237463   0.27781251   0.29296869   0.06201632   0.02661394   0.01908452
  0.43   0.07474373   0.08957528   0.15096531   0.28173458   0.29889106   0.06045806   0.02546342   0.01816856
  0.44   0.07236462   0.08718042   0.14947816   0.28554802   0.30481860   0.05894198   0.02436831   0.01729990
  0.45   0.07002390   0.08480164   0.14791734   0.28924270   0.31074467   0.05746949   0.02332527   0.01647500
  0.46   0.06773059   0.08244835   0.14628692   0.29280828   0.31666257   0.05604207   0.02233095   0.01569029
  0.47   0.06548941   0.08012654   0.14459248   0.29623890   0.32256707   0.05465972   0.02138266   0.01494321
  0.48   0.06330508   0.07784220   0.14283964   0.29952872   0.32845295   0.05332244   0.02047775   0.01423121
  0.49   0.06116268   0.07558330   0.14103505   0.30269585   0.33432432   0.05202510   0.01961724   0.01355646
  0.50   0.05906846   0.07335722   0.13918423   0.30573257   0.34017524   0.05076809   0.01879818   0.01291602
  0.51   0.05702884   0.07117151   0.13729267   0.30863095   0.34599966   0.04955187   0.01801756   0.01230693
  0.52   0.05504611   0.06902995   0.13536612   0.31138808   0.35179353   0.04837581   0.01727319   0.01172721
  0.53   0.05312257   0.06693630   0.13341029   0.31400106   0.35755276   0.04723929   0.01656284   0.01117489
  0.54   0.05124654   0.06487925   0.13142564   0.31648742   0.36328245   0.04613925   0.01588774   0.01065170
  0.55   0.04942141   0.06286377   0.12941832   0.31884267   0.36897779   0.04507526   0.01524541   0.01015536
  0.56   0.04765069   0.06089492   0.12739452   0.32106213   0.37463394   0.04404689   0.01463333   0.00968358
  0.57   0.04593494   0.05897460   0.12535930   0.32314542   0.38024794   0.04305323   0.01404971   0.00923485
  0.58   0.04427476   0.05710474   0.12331775   0.32509215   0.38581686   0.04209334   0.01349277   0.00880763
  0.59   0.04266271   0.05527681   0.12126632   0.32691629   0.39134532   0.04116584   0.01296362   0.00840309
  0.60   0.04110001   0.05349354   0.11921076   0.32861634   0.39682978   0.04026985   0.01246024   0.00801948
  0.61   0.03958792   0.05175774   0.11715690   0.33019066   0.40226665   0.03940448   0.01198058   0.00765507
  0.62   0.03812603   0.05007004   0.11510876   0.33164064   0.40765392   0.03856874   0.01152322   0.00730865
  0.63   0.03671394   0.04843107   0.11307036   0.33296766   0.41298956   0.03776166   0.01108672   0.00697904
  0.64   0.03534734   0.04683501   0.11103661   0.33418184   0.41827740   0.03698270   0.01067205   0.00666706
  0.65   0.03402617   0.04528303   0.10901231   0.33528383   0.42351493   0.03623085   0.01027756   0.00637134
  0.66   0.03275034   0.04377633   0.10700226   0.33627423   0.42869962   0.03550508   0.00990162   0.00609052
  0.67   0.03151899   0.04231475   0.10500939   0.33715549   0.43383017   0.03480447   0.00954308   0.00582365
  0.68   0.03033123   0.04089815   0.10303661   0.33793006   0.43890527   0.03412809   0.00920080   0.00556979
  0.69   0.02918469   0.03952291   0.10107939   0.33860457   0.44392772   0.03347572   0.00887550   0.00532950
  0.70   0.02807848   0.03818888   0.09914060   0.33918149   0.44889624   0.03284644   0.00856603   0.00510186
  0.71   0.02701191   0.03689633   0.09722412   0.33966270   0.45380898   0.03223922   0.00827101   0.00488572
  0.72   0.02598391   0.03564469   0.09533192   0.34005121   0.45866517   0.03165323   0.00798954   0.00468033
  0.73   0.02499341   0.03443334   0.09346593   0.34034998   0.46346404   0.03108764   0.00772073   0.00448493
  0.74   0.02403904   0.03326006   0.09162262   0.34056329   0.46820764   0.03054232   0.00746506   0.00429996
  0.75   0.02311969   0.03212408   0.08980336   0.34069424   0.47289552   0.03001653   0.00722180   0.00412478
  0.76   0.02223434   0.03102510   0.08801106   0.34074560   0.47752639   0.02950929   0.00698980   0.00395844
  0.77   0.02138187   0.02996228   0.08624694   0.34072052   0.48209986   0.02901986   0.00676833   0.00380034
  0.78   0.02056118   0.02893480   0.08451219   0.34062216   0.48661555   0.02854752   0.00655669   0.00364991
  0.79   0.01977145   0.02794129   0.08280415   0.34045322   0.49107503   0.02809219   0.00635523   0.00350744
  0.80   0.01901164   0.02698079   0.08112318   0.34021673   0.49547833   0.02765329   0.00616349   0.00337253
  0.81   0.01828057   0.02605262   0.07947137   0.33991598   0.49982462   0.02722993   0.00598050   0.00324440
  0.82   0.01757717   0.02515586   0.07784935   0.33955405   0.50411381   0.02682147   0.00580571   0.00312258
  0.83   0.01690036   0.02428962   0.07625774   0.33913403   0.50834580   0.02642726   0.00563857   0.00300662
  0.84   0.01624969   0.02345301   0.07469460   0.33865760   0.51252180   0.02604728   0.00547931   0.00289671
  0.85   0.01562428   0.02264515   0.07315966   0.33812737   0.51664217   0.02568109   0.00532765   0.00279263
  0.86   0.01502290   0.02186513   0.07165431   0.33754683   0.52070642   0.02532788   0.00518281   0.00269373
  0.87   0.01444456   0.02111203   0.07017876   0.33691885   0.52471468   0.02498711   0.00504436   0.00259965
  0.88   0.01388831   0.02038497   0.06873324   0.33624629   0.52866704   0.02465823   0.00491188   0.00251004
  0.89   0.01335369   0.01968330   0.06731677   0.33553066   0.53256425   0.02434108   0.00478535   0.00242490
  0.90   0.01284008   0.01900630   0.06592868   0.33477390   0.53640687   0.02403538   0.00466465   0.00234414
  0.91   0.01234646   0.01835302   0.06456929   0.33397903   0.54019497   0.02374055   0.00454932   0.00226737
  0.92   0.01187205   0.01772265   0.06323829   0.33314839   0.54392892   0.02345620   0.00443911   0.00219438
  0.93   0.01141613   0.01711441   0.06193529   0.33228423   0.54760916   0.02318198   0.00433379   0.00212501
  0.94   0.01097800   0.01652757   0.06066002   0.33138864   0.55123606   0.02291752   0.00423313   0.00205905
  0.95   0.01055708   0.01596167   0.05941278   0.33046321   0.55480979   0.02266244   0.00413680   0.00199623
  0.96   0.01015267   0.01541584   0.05819276   0.32951021   0.55833096   0.02241645   0.00404466   0.00193645
  0.97   0.00976414   0.01488939   0.05699954   0.32853156   0.56180002   0.02217922   0.00395655   0.00187958
  0.98   0.00939090   0.01438166   0.05583265   0.32752909   0.56521748   0.02195047   0.00387228   0.00182547
  0.99   0.00903237   0.01389198   0.05469159   0.32650456   0.56858384   0.02172992   0.00379173   0.00177401
  1.00   0.00868801   0.01341980   0.05357604   0.32545963   0.57189954   0.02151726   0.00371467   0.00172505
