  0.00   0.33333333   0.33333333   0.33333333
  0.01   0.33337046   0.33333377   0.33329578
  0.02   0.33341948   0.33333153   0.33324899
  0.03   0.33346980   0.33332477   0.33320542
  0.04   0.33352114   0.33331632   0.33316253
  0.05   0.33357704   0.33331084   0.33311212
  0.06   0.33363464   0.33330607   0.33305929
  0.07   0.33368842   0.33329741   0.33301416
  0.08   0.33374440   0.33329128   0.33296431
  0.09   0.33380190   0.33328715   0.33291095
  0.10   0.33385926   0.33328369   0.33285705
  0.11   0.33391286   0.33327751   0.33280964
  0.12   0.33396140   0.33326754   0.33277106
  0.13   0.33401091   0.33325990   0.33272919
  0.14   0.33406095   0.33325429   0.33268476
  0.15   0.33411184   0.33325101   0.33263715
  0.16   0.33416238   0.33324869   0.33258893
  0.17   0.33421197   0.33324701   0.33254103
  0.18   0.33426027   0.33324551   0.33249422
  0.19   0.33430713   0.33324409   0.33244879
  0.20   0.33435240   0.33324259   0.33240501
  0.21   0.33439571   0.33324068   0.33236361
  0.22   0.33443781   0.33323906   0.33232313
  0.23   0.33447837   0.33323741   0.33228421
  0.24   0.33451687   0.33323519   0.33224794
  0.25   0.33455262   0.33323166   0.33221573
  0.26   0.33458557   0.33322676   0.33218766
  0.27   0.33461884   0.33322356   0.33215760
  0.28   0.33465207   0.33322165   0.33212628
  0.29   0.33468453   0.33322034   0.33209513
  0.30   0.33471539   0.33321878   0.33206583
  0.31   0.33474589   0.33321816   0.33203595
  0.32   0.33477628   0.33321872   0.33200501
  0.33   0.33480626   0.33322010   0.33197364
  0.34   0.33483430   0.33322065   0.33194504
  0.35   0.33486134   0.33322133   0.33191734
  0.36   0.33488731   0.33322202   0.33189067
  0.37   0.33491219   0.33322267   0.33186514
  0.38   0.33493623   0.33322355   0.33184023
  0.39   0.33495926   0.33322443   0.33181632
  0.40   0.33498128   0.33322526   0.33179346
  0.41   0.33500227   0.33322602   0.33177171
  0.42   0.33502209   0.33322653   0.33175138
  0.43   0.33504073   0.33322677   0.33173251
  0.44   0.33505818   0.33322668   0.33171514
  0.45   0.33507441   0.33322622   0.33169937
  0.46   0.33509015   0.33322609   0.33168377
  0.47   0.33510573   0.33322658   0.33166769
  0.48   0.33512097   0.33322749   0.33165154
  0.49   0.33513600   0.33322892   0.33163508
  0.50   0.33515042   0.33323048   0.33161910
  0.51   0.33516373   0.33323164   0.33160463
  0.52   0.33517659   0.33323304   0.33159037
  0.53   0.33518906   0.33323469   0.33157625
  0.54   0.33520119   0.33323664   0.33156217
  0.55   0.33521304   0.33323891   0.33154806
  0.56   0.33522466   0.33324153   0.33153381
  0.57   0.33523540   0.33324385   0.33152075
  0.58   0.33524535   0.33324594   0.33150871
  0.59   0.33525475   0.33324801   0.33149724
  0.60   0.33526360   0.33325002   0.33148637
  0.61   0.33527190   0.33325197   0.33147613
  0.62   0.33527964   0.33325382   0.33146654
  0.63   0.33528682   0.33325554   0.33145764
  0.64   0.33529391   0.33325765   0.33144844
  0.65   0.33530064   0.33325981   0.33143955
  0.66   0.33530703   0.33326202   0.33143095
  0.67   0.33531310   0.33326430   0.33142260
  0.68   0.33531887   0.33326664   0.33141449
  0.69   0.33532437   0.33326905   0.33140658
  0.70   0.33532960   0.33327152   0.33139888
  0.71   0.33533452   0.33327406   0.33139142
  0.72   0.33533920   0.33327666   0.33138413
  0.73   0.33534366   0.33327934   0.33137699
  0.74   0.33534791   0.33328211   0.33136998
  0.75   0.33535197   0.33328495   0.33136308
  0.76   0.33535587   0.33328788   0.33135625
  0.77   0.33535951   0.33329081   0.33134968
  0.78   0.33536288   0.33329372   0.33134341
  0.79   0.33536604   0.33329664   0.33133731
  0.80   0.33536902   0.33329959   0.33133140
  0.81   0.33537180   0.33330254   0.33132566
  0.82   0.33537441   0.33330550   0.33132009
  0.83   0.33537684   0.33330846   0.33131470
  0.84   0.33537893   0.33331133   0.33130975
  0.85   0.33538077   0.33331414   0.33130508
  0.86   0.33538240   0.33331692   0.33130068
  0.87   0.33538382   0.33331963   0.33129655
  0.88   0.33538503   0.33332229   0.33129269
  0.89   0.33538602   0.33332487   0.33128911
  0.90   0.33538681   0.33332737   0.33128582
  0.91   0.33538740   0.33332978   0.33128282
  0.92   0.33538778   0.33333210   0.33128012
  0.93   0.33538796   0.33333431   0.33127773
  0.94   0.33538811   0.33333665   0.33127524
  0.95   0.33538818   0.33333901   0.33127281
  0.96   0.33538814   0.33334137   0.33127049
  0.97   0.33538801   0.33334374   0.33126825
  0.98   0.33538781   0.33334612   0.33126607
  0.99   0.33538754   0.33334852   0.33126394
  1.00   0.33538723   0.33335094   0.33126183
