  0.00   0.12500000   0.12500000   0.12500000   0.12500000   0.12500000   0.12500000   0.12500000   0.12500000
  0.01   0.12499990   0.12499990   0.12499995   0.12499999   0.12500002   0.12500005   0.12500008   0.12500010
  0.02   0.12499930   0.12499930   0.12499962   0.12499991   0.12500017   0.12500039   0.12500058   0.12500073
  0.03   0.12499770   0.12499770   0.12499878   0.12499974   0.12500057   0.12500128   0.12500187   0.12500235
  0.04   0.12499479   0.12499479   0.12499727   0.12499945   0.12500133   0.12500291   0.12500421   0.12500523
  0.05   0.12499009   0.12499009   0.12499488   0.12499905   0.12500260   0.12500557   0.12500795   0.12500976
  0.06   0.12498320   0.12498320   0.12499144   0.12499855   0.12500455   0.12500947   0.12501336   0.12501622
  0.07   0.12497374   0.12497374   0.12498680   0.12499797   0.12500731   0.12501486   0.12502070   0.12502486
  0.08   0.12496166   0.12496166   0.12498098   0.12499737   0.12501094   0.12502177   0.12502998   0.12503564
  0.09   0.12494654   0.12494654   0.12497382   0.12499679   0.12501561   0.12503045   0.12504146   0.12504879
  0.10   0.12492789   0.12492789   0.12496514   0.12499627   0.12502154   0.12504119   0.12505547   0.12506460
  0.11   0.12490550   0.12490550   0.12495490   0.12499590   0.12502885   0.12505414   0.12507211   0.12508310
  0.12   0.12487907   0.12487907   0.12494304   0.12499574   0.12503771   0.12506947   0.12509153   0.12510438
  0.13   0.12484836   0.12484836   0.12492951   0.12499589   0.12504825   0.12508733   0.12511384   0.12512846
  0.14   0.12481304   0.12481304   0.12491426   0.12499645   0.12506068   0.12510794   0.12513920   0.12515538
  0.15   0.12477287   0.12477287   0.12489722   0.12499751   0.12507514   0.12513145   0.12516773   0.12518521
  0.16   0.12472761   0.12472761   0.12487837   0.12499914   0.12509176   0.12515801   0.12519954   0.12521796
  0.17   0.12467768   0.12467768   0.12485793   0.12500139   0.12511045   0.12518736   0.12523427   0.12525323
  0.18   0.12462271   0.12462271   0.12483580   0.12500436   0.12513140   0.12521975   0.12527214   0.12529113
  0.19   0.12456255   0.12456255   0.12481198   0.12500813   0.12515471   0.12525528   0.12531318   0.12533162
  0.20   0.12449653   0.12449653   0.12478635   0.12501290   0.12518078   0.12529434   0.12535772   0.12537484
  0.21   0.12442462   0.12442462   0.12475893   0.12501874   0.12520965   0.12533697   0.12540574   0.12542073
  0.22   0.12434659   0.12434659   0.12472971   0.12502575   0.12524148   0.12538331   0.12545732   0.12546925
  0.23   0.12426255   0.12426255   0.12469882   0.12503405   0.12527632   0.12543331   0.12551229   0.12552011
  0.24   0.12417222   0.12417222   0.12466622   0.12504373   0.12531434   0.12548715   0.12557078   0.12557336
  0.25   0.12407544   0.12407544   0.12463193   0.12505491   0.12535566   0.12554491   0.12563281   0.12562891
  0.26   0.12397227   0.12397227   0.12459605   0.12506768   0.12540034   0.12560658   0.12569826   0.12568655
  0.27   0.12386253   0.12386253   0.12455858   0.12508214   0.12544852   0.12567227   0.12576719   0.12574624
  0.28   0.12374610   0.12374610   0.12451955   0.12509841   0.12550031   0.12574206   0.12583960   0.12580787
  0.29   0.12362287   0.12362287   0.12447903   0.12511662   0.12555584   0.12581601   0.12591545   0.12587133
  0.30   0.12349272   0.12349272   0.12443702   0.12513685   0.12561521   0.12589420   0.12599476   0.12593652
  0.31   0.12335554   0.12335554   0.12439357   0.12515921   0.12567855   0.12597671   0.12607752   0.12600335
  0.32   0.12321123   0.12321123   0.12434872   0.12518381   0.12574597   0.12606361   0.12616374   0.12607170
  0.33   0.12305967   0.12305967   0.12430248   0.12521075   0.12581757   0.12615497   0.12625341   0.12614148
  0.34   0.12290105   0.12290105   0.12425497   0.12524005   0.12589330   0.12625067   0.12634637   0.12621254
  0.35   0.12273574   0.12273574   0.12420627   0.12527164   0.12597300   0.12635049   0.12644241   0.12628471
  0.36   0.12256332   0.12256332   0.12415639   0.12530574   0.12605696   0.12645469   0.12654165   0.12635793
  0.37   0.12238373   0.12238373   0.12410537   0.12534243   0.12614525   0.12656331   0.12664407   0.12643210
  0.38   0.12219695   0.12219695   0.12405324   0.12538180   0.12623795   0.12667638   0.12674964   0.12650710
  0.39   0.12200292   0.12200292   0.12400007   0.12542392   0.12633513   0.12679392   0.12685830   0.12658281
  0.40   0.12180177   0.12180177   0.12394586   0.12546879   0.12643674   0.12691586   0.12696999   0.12665922
  0.41   0.12159344   0.12159344   0.12389067   0.12551648   0.12654287   0.12704223   0.12708467   0.12673620
  0.42   0.12137786   0.12137786   0.12383455   0.12556710   0.12665360   0.12717309   0.12720232   0.12681362
  0.43   0.12115501   0.12115501   0.12377753   0.12562072   0.12676901   0.12730844   0.12732288   0.12689140
  0.44   0.12092486   0.12092486   0.12371967   0.12567741   0.12688914   0.12744832   0.12744632   0.12696942
  0.45   0.12068742   0.12068742   0.12366100   0.12573723   0.12701404   0.12759271   0.12757260   0.12704759
  0.46   0.12044342   0.12044342   0.12360151   0.12579981   0.12714321   0.12774117   0.12770146   0.12712600
  0.47   0.12019243   0.12019243   0.12354127   0.12586544   0.12727702   0.12789397   0.12783297   0.12720446
  0.48   0.11993449   0.11993449   0.12348032   0.12593418   0.12741547   0.12805110   0.12796707   0.12728288
  0.49   0.11966963   0.11966963   0.12341870   0.12600606   0.12755859   0.12821252   0.12810372   0.12736116
  0.50   0.11939787   0.11939787   0.12335645   0.12608111   0.12770639   0.12837823   0.12824285   0.12743922
  0.51   0.11911898   0.11911898   0.12329355   0.12615949   0.12785907   0.12854838   0.12838453   0.12751702
  0.52   0.11883262   0.11883262   0.12322997   0.12624137   0.12801687   0.12872317   0.12852885   0.12759453
  0.53   0.11853907   0.11853907   0.12316581   0.12632668   0.12817967   0.12890245   0.12867565   0.12767161
  0.54   0.11823830   0.11823830   0.12310108   0.12641551   0.12834751   0.12908622   0.12882490   0.12774820
  0.55   0.11793028   0.11793028   0.12303581   0.12650789   0.12852045   0.12927450   0.12897657   0.12782421
  0.56   0.11761500   0.11761500   0.12297004   0.12660390   0.12869854   0.12946732   0.12913063   0.12789957
  0.57   0.11729315   0.11729315   0.12290367   0.12670317   0.12888135   0.12966428   0.12928685   0.12797440
  0.58   0.11696443   0.11696443   0.12283677   0.12680590   0.12906910   0.12986554   0.12944528   0.12804853
  0.59   0.11662868   0.11662868   0.12276940   0.12691227   0.12926197   0.13007122   0.12960592   0.12812186
  0.60   0.11628588   0.11628588   0.12270158   0.12702231   0.12945999   0.13028132   0.12976873   0.12819431
  0.61   0.11593605   0.11593605   0.12263334   0.12713606   0.12966319   0.13049583   0.12993368   0.12826581
  0.62   0.11557917   0.11557917   0.12256469   0.12725358   0.12987161   0.13071478   0.13010072   0.12833629
  0.63   0.11521526   0.11521526   0.12249567   0.12737489   0.13008529   0.13093815   0.13026981   0.12840568
  0.64   0.11484431   0.11484431   0.12242629   0.12750006   0.13030426   0.13116595   0.13044092   0.12847390
  0.65   0.11446632   0.11446632   0.12235658   0.12762913   0.13052857   0.13139818   0.13061401   0.12854089
  0.66   0.11408130   0.11408130   0.12228657   0.12776213   0.13075824   0.13163485   0.13078904   0.12860657
  0.67   0.11369125   0.11369125   0.12221589   0.12789781   0.13099184   0.13187483   0.13096558   0.12867155
  0.68   0.11329504   0.11329504   0.12214479   0.12803693   0.13123024   0.13211875   0.13114382   0.12873538
  0.69   0.11289252   0.11289252   0.12207332   0.12817966   0.13147359   0.13236671   0.13132373   0.12879793
  0.70   0.11248375   0.11248375   0.12200150   0.12832599   0.13172188   0.13261869   0.13150528   0.12885916
  0.71   0.11206879   0.11206879   0.12192932   0.12847594   0.13197510   0.13287464   0.13168840   0.12891900
  0.72   0.11164770   0.11164770   0.12185682   0.12862951   0.13223325   0.13313454   0.13187306   0.12897742
  0.73   0.11122055   0.11122055   0.12178399   0.12878669   0.13249631   0.13339835   0.13205920   0.12903436
  0.74   0.11078739   0.11078739   0.12171085   0.12894750   0.13276429   0.13366605   0.13224677   0.12908977
  0.75   0.11034828   0.11034828   0.12163742   0.12911195   0.13303716   0.13393760   0.13243571   0.12914359
  0.76   0.10990331   0.10990331   0.12156370   0.12928002   0.13331492   0.13421297   0.13262598   0.12919579
  0.77   0.10945298   0.10945298   0.12148915   0.12945109   0.13359711   0.13449194   0.13281774   0.12924702
  0.78   0.10899704   0.10899704   0.12141418   0.12962561   0.13388403   0.13477461   0.13301077   0.12929671
  0.79   0.10853555   0.10853555   0.12133879   0.12980358   0.13417568   0.13506096   0.13320505   0.12934485
  0.80   0.10806859   0.10806859   0.12126297   0.12998497   0.13447203   0.13535093   0.13340052   0.12939140
  0.81   0.10759624   0.10759624   0.12118672   0.13016979   0.13477305   0.13564450   0.13359714   0.12943632
  0.82   0.10711856   0.10711856   0.12111004   0.13035802   0.13507874   0.13594163   0.13379486   0.12947959
  0.83   0.10663564   0.10663564   0.12103293   0.13054963   0.13538906   0.13624228   0.13399364   0.12952118
  0.84   0.10614755   0.10614755   0.12095538   0.13074463   0.13570400   0.13654642   0.13419343   0.12956104
  0.85   0.10565436   0.10565436   0.12087739   0.13094300   0.13602354   0.13685400   0.13439419   0.12959916
  0.86   0.10515619   0.10515619   0.12079891   0.13114467   0.13634762   0.13716499   0.13459588   0.12963555
  0.87   0.10465341   0.10465341   0.12071960   0.13134923   0.13667595   0.13747924   0.13479861   0.12967056
  0.88   0.10414586   0.10414586   0.12063971   0.13155698   0.13700872   0.13779680   0.13500220   0.12970387
  0.89   0.10363363   0.10363363   0.12055924   0.13176789   0.13734590   0.13811763   0.13520664   0.12973546
  0.90   0.10311680   0.10311680   0.12047817   0.13198193   0.13768746   0.13844168   0.13541187   0.12976530
  0.91   0.10259545   0.10259545   0.12039649   0.13219909   0.13803337   0.13876892   0.13561785   0.12979338
  0.92   0.10206968   0.10206968   0.12031418   0.13241934   0.13838360   0.13909931   0.13582455   0.12981967
  0.93   0.10153956   0.10153956   0.12023123   0.13264264   0.13873813   0.13943281   0.13603192   0.12984416
  0.94   0.10100517   0.10100517   0.12014763   0.13286898   0.13909692   0.13976938   0.13623992   0.12986684
  0.95   0.10046661   0.10046661   0.12006335   0.13309832   0.13945994   0.14010898   0.13644851   0.12988767
  0.96   0.09992399   0.09992399   0.11997838   0.13333062   0.13982714   0.14045155   0.13665765   0.12990667
  0.97   0.09937752   0.09937752   0.11989259   0.13356571   0.14019840   0.14079702   0.13686733   0.12992390
  0.98   0.09882723   0.09882723   0.11980600   0.13380363   0.14057373   0.14114537   0.13707749   0.12993932
  0.99   0.09827323   0.09827323   0.11971860   0.13404431   0.14095307   0.14149653   0.13728811   0.12995292
  1.00   0.09771562   0.09771562   0.11963034   0.13428773   0.14133639   0.14185048   0.13749913   0.12996470
