  0.00   0.33333333   0.33333333   0.33333333
  0.01   0.33352910   0.33356074   0.33291016
  0.02   0.33463157   0.33487536   0.33049307
  0.03   0.33687791   0.33767232   0.32544977
  0.04   0.34014651   0.34197743   0.31787606
  0.05   0.34410562   0.34759916   0.30829522
  0.06   0.34841139   0.35429573   0.29729288
  0.07   0.35270443   0.36180521   0.28549036
  0.08   0.35671483   0.36992279   0.27336238
  0.09   0.36026257   0.37851282   0.26122461
  0.10   0.36320984   0.38747187   0.24931829
  0.11   0.36549103   0.39675034   0.23775862
  0.12   0.36707943   0.40632586   0.22659471
  0.13   0.36797368   0.41618782   0.21583849
  0.14   0.36814396   0.42630745   0.20554859
  0.15   0.36762067   0.43668393   0.19569541
  0.16   0.36640042   0.44729931   0.18630027
  0.17   0.36452324   0.45814607   0.17733069
  0.18   0.36200589   0.46920952   0.16878460
  0.19   0.35889005   0.48047267   0.16063728
  0.20   0.35520529   0.49191847   0.15287624
  0.21   0.35099359   0.50352314   0.14548327
  0.22   0.34629693   0.51525862   0.13844444
  0.23   0.34115825   0.52709695   0.13174480
  0.24   0.33561058   0.53902226   0.12536715
  0.25   0.32969202   0.55101253   0.11929545
  0.26   0.32344735   0.56303436   0.11351829
  0.27   0.31692108   0.57505481   0.10802411
  0.28   0.31014906   0.58705566   0.10279528
  0.29   0.30317132   0.59901156   0.09781712
  0.30   0.29602119   0.61089754   0.09308127
  0.31   0.28873121   0.62268868   0.08858011
  0.32   0.28134402   0.63435949   0.08429649
  0.33   0.27389756   0.64588473   0.08021771
  0.34   0.26641022   0.65725238   0.07633739
  0.35   0.25889444   0.66845446   0.07265110
  0.36   0.25139703   0.67945973   0.06914324
  0.37   0.24394932   0.69024742   0.06580325
  0.38   0.23655851   0.70081566   0.06262582
  0.39   0.22921938   0.71117228   0.05960835
  0.40   0.22197598   0.72128654   0.05673748
  0.41   0.21485087   0.73114456   0.05400457
  0.42   0.20783980   0.74075429   0.05140591
  0.43   0.20092387   0.75013561   0.04894052
  0.44   0.19414669   0.75925747   0.04659584
  0.45   0.18752323   0.76811216   0.04436461
  0.46   0.18106845   0.77669196   0.04223960
  0.47   0.17475640   0.78502213   0.04022146
  0.48   0.16858231   0.79311090   0.03830680
  0.49   0.16257403   0.80094014   0.03648583
  0.50   0.15673907   0.80850816   0.03475277
  0.51   0.15108495   0.81581326   0.03310180
  0.52   0.14557658   0.82288668   0.03153673
  0.53   0.14022434   0.82972453   0.03005113
  0.54   0.13503869   0.83632281   0.02863850
  0.55   0.13002158   0.84268412   0.02729430
  0.56   0.12517493   0.84881109   0.02601398
  0.57   0.12046794   0.85472927   0.02480279
  0.58   0.11591579   0.86043200   0.02365221
  0.59   0.11151768   0.86592381   0.02255851
  0.60   0.10727228   0.87120959   0.02151813
  0.61   0.10317611   0.87629538   0.02052851
  0.62   0.09921476   0.88119294   0.01959230
  0.63   0.09539282   0.88590406   0.01870312
  0.64   0.09170742   0.89043446   0.01785812
  0.65   0.08815566   0.89478986   0.01705447
  0.66   0.08473282   0.89897594   0.01629124
  0.67   0.08143250   0.90299833   0.01556918
  0.68   0.07825368   0.90686279   0.01488353
  0.69   0.07519295   0.91057503   0.01423202
  0.70   0.07224687   0.91414076   0.01361237
  0.71   0.06941176   0.91756460   0.01302364
  0.72   0.06668352   0.92084939   0.01246709
  0.73   0.06405905   0.92400231   0.01193863
  0.74   0.06153485   0.92702869   0.01143646
  0.75   0.05910739   0.92993384   0.01095877
  0.76   0.05677353   0.93272182   0.01050464
  0.77   0.05453117   0.93539327   0.01007556
  0.78   0.05237608   0.93795583   0.00966809
  0.79   0.05030491   0.94041426   0.00928083
  0.80   0.04831431   0.94277331   0.00891237
  0.81   0.04640146   0.94503670   0.00856184
  0.82   0.04456596   0.94720335   0.00823069
  0.83   0.04280302   0.94928086   0.00791612
  0.84   0.04110963   0.95127331   0.00761707
  0.85   0.03948275   0.95318481   0.00733244
  0.86   0.03791978   0.95501882   0.00706140
  0.87   0.03642154   0.95677315   0.00680531
  0.88   0.03498318   0.95845490   0.00656192
  0.89   0.03360206   0.96006754   0.00633040
  0.90   0.03227556   0.96161452   0.00610992
  0.91   0.03100118   0.96309912   0.00589970
  0.92   0.02977957   0.96451993   0.00570050
  0.93   0.02860711   0.96588187   0.00551103
  0.94   0.02748186   0.96718735   0.00533079
  0.95   0.02640197   0.96843870   0.00515933
  0.96   0.02536565   0.96963811   0.00499624
  0.97   0.02437117   0.97078783   0.00484099
  0.98   0.02341691   0.97188992   0.00469317
  0.99   0.02250130   0.97294627   0.00455243
  1.00   0.02162286   0.97395872   0.00441842
